model,split,timestamp,year,forecast,naive,regime,is_fallback,latency_us,fit_seconds,truth
har,0,2022-01-03 01:00:00,2022,1.4170427686063491,1.802857142857111,low,False,78440.4,64.04416519997176,1.2679999999999836
har,0,2022-01-05 03:00:00,2022,1.0322992182098731,0.8850000000000234,low,False,46417.8,64.04416519997176,1.0980000000000474
har,0,2022-01-07 05:00:00,2022,1.0952776636549955,1.193571428571415,low,False,45193.7,64.04416519997176,0.8960000000000037
har,0,2022-01-11 07:00:00,2022,0.9363647078058159,1.0121428571428623,low,False,24073.4,64.04416519997176,1.2179999999999835
har,0,2022-01-13 09:00:00,2022,1.2954630958405995,1.2528571428571564,low,False,16282.5,64.04416519997176,1.954000000000042
har,0,2022-01-17 11:00:00,2022,1.150841252800924,1.064285714285737,low,False,14378.9,64.04416519997176,0.8960000000000491
har,0,2022-01-19 15:30:00,2022,2.255437471398906,1.940714285714242,low,False,21149.4,64.04416519997176,2.5420000000000527
har,0,2022-01-21 17:30:00,2022,3.156629954895093,3.0892857142857144,low,False,19148.3,64.04416519997176,2.882000000000062
har,0,2022-01-25 19:30:00,2022,2.6578833772768,3.690000000000022,low,False,27743.7,64.04416519997176,1.888000000000011
har,0,2022-01-27 21:30:00,2022,2.0084639282898955,2.494999999999988,low,False,43894.2,64.04416519997176,1.62199999999998
har,0,2022-01-31 23:30:00,2022,1.1477053574172662,1.553571428571461,low,False,54412.7,64.04416519997176,0.7260000000000673
har,0,2022-02-03 02:30:00,2022,0.9762615549316008,0.9842857142857449,low,False,52637.9,64.04416519997176,1.0679999999999836
har,0,2022-02-07 04:30:00,2022,1.5548545200355723,1.7264285714285441,low,False,50313.8,64.04416519997176,1.0880000000001018
har,0,2022-02-09 06:30:00,2022,0.8723952490263299,0.9457142857142864,low,False,61155.5,64.04416519997176,0.8779999999999746
har,0,2022-02-11 08:30:00,2022,1.1788021980998784,1.2150000000000318,low,False,27633.9,64.04416519997176,1.9099999999999908
har,0,2022-02-15 10:30:00,2022,2.208045982128703,2.5849999999999875,low,False,19974.1,64.04416519997176,5.309999999999945
har,0,2022-02-17 12:30:00,2022,2.8300171346084273,4.0778571428571535,low,False,20634.9,64.04416519997176,1.4540000000000872
har,0,2022-02-21 14:30:00,2022,1.8521542550336825,2.0078571428571195,low,False,19671.9,64.04416519997176,2.8739999999999783
har,0,2022-02-23 19:00:00,2022,2.0865966511059946,2.6307142857142805,low,False,20407.0,64.04416519997176,1.7019999999999982
har,0,2022-02-25 21:00:00,2022,2.3656006974035377,2.7678571428572076,low,False,23309.0,64.04416519997176,1.8820000000000618
har,0,2022-03-01 23:00:00,2022,2.2309204365081103,3.6957142857143026,low,False,18059.3,64.04416519997176,2.6920000000000526
har,0,2022-03-04 02:00:00,2022,1.6885168367812968,2.202857142857153,low,False,14982.0,64.04416519997176,6.067999999999984
har,0,2022-03-08 04:00:00,2022,2.822562460381044,3.5321428571428606,low,False,20821.5,64.04416519997176,2.30600000000004
har,0,2022-03-10 06:00:00,2022,2.7486346078291857,4.047857142857132,low,False,16894.5,64.04416519997176,1.9519999999999982
har,0,2022-03-14 07:00:00,2022,1.7740357689536073,2.0199999999999654,low,False,21519.9,64.04416519997176,2.4320000000000164
har,0,2022-03-16 09:00:00,2022,2.1094694081513565,2.1049999999999858,low,False,23713.8,64.04416519997176,3.6559999999999944
har,0,2022-03-18 11:00:00,2022,2.3383458939005637,2.7021428571428845,low,False,23339.7,64.04416519997176,2.619999999999982
har,0,2022-03-22 13:00:00,2022,2.3647849265187277,3.0100000000000233,low,False,20771.6,64.04416519997176,2.6340000000000146
har,0,2022-03-24 15:00:00,2022,4.203708066041844,4.169999999999992,low,False,31342.3,64.04416519997176,5.913999999999942
har,0,2022-03-28 18:00:00,2022,4.552845657138024,5.694285714285684,low,False,24224.5,64.04416519997176,2.1500000000000457
har,0,2022-03-30 20:00:00,2022,2.4789453404092923,3.110714285714315,low,False,24192.7,64.04416519997176,2.0040000000000417
har,0,2022-04-01 22:00:00,2022,1.9746483135277322,2.4971428571428436,low,False,21899.1,64.04416519997176,2.101999999999953
har,0,2022-04-06 01:00:00,2022,1.6757922263078033,2.0278571428571177,low,False,30279.0,64.04416519997176,1.1119999999999437
har,0,2022-04-08 03:00:00,2022,1.5231349631566333,1.5592857142856928,low,False,31906.6,64.04416519997176,2.131999999999971
har,0,2022-04-12 05:00:00,2022,1.4990950451412075,1.8614285714286,low,False,27733.8,64.04416519997176,1.4880000000000109
har,0,2022-04-14 07:00:00,2022,1.3331455300845025,1.7242857142857215,low,False,30579.8,64.04416519997176,1.7519999999999982
har,0,2022-04-19 09:00:00,2022,1.5496290442128997,1.5828571428571325,low,False,23374.5,64.04416519997176,2.44399999999996
har,0,2022-04-21 11:00:00,2022,1.7704945121957139,2.0578571428571713,low,False,23121.1,64.04416519997176,3.054000000000042
har,0,2022-04-25 13:00:00,2022,2.400453642804422,3.255714285714313,low,False,27420.2,64.04416519997176,4.195999999999958
har,0,2022-04-27 15:00:00,2022,3.325469791744447,3.158571428571414,low,False,25978.1,64.04416519997176,5.164000000000078
har,0,2022-04-29 17:00:00,2022,4.1937303813968,4.258571428571437,low,False,33339.0,64.04416519997176,4.9200000000000275
har,0,2022-05-03 19:00:00,2022,2.8524193838074763,3.890000000000035,low,False,44510.7,64.04416519997176,2.7639999999999416
har,0,2022-05-05 21:00:00,2022,2.9680407540495874,4.018571428571428,low,False,25361.9,64.04416519997176,2.1899999999999635
har,0,2022-05-09 23:00:00,2022,1.6687618930137036,2.547142857142863,low,False,34536.2,64.04416519997176,1.37800000000002
har,0,2022-05-12 02:00:00,2022,1.2232254972317584,1.2757142857142623,low,False,28099.8,64.04416519997176,1.8899999999999637
har,0,2022-05-16 04:00:00,2022,1.8925560512271826,2.176428571428541,low,False,32566.7,64.04416519997176,2.2739999999999783
har,0,2022-05-18 06:00:00,2022,1.428039026890605,1.9471428571428728,low,False,25838.5,64.04416519997176,1.5359999999999672
har,0,2022-05-20 08:00:00,2022,1.2735287806222702,1.2842857142857156,low,False,24971.2,64.04416519997176,2.4600000000000364
har,0,2022-05-24 10:00:00,2022,1.6439879735723446,1.617857142857117,low,False,25113.2,64.04416519997176,2.4140000000000326
har,0,2022-05-26 12:00:00,2022,1.7461999742149459,2.1178571428571007,low,False,25477.8,64.04416519997176,2.0700000000000274
har,0,2022-05-30 14:00:00,2022,1.6416618176990467,1.707142857142831,low,False,44865.5,64.04416519997176,1.3100000000000365
har,0,2022-06-01 18:30:00,2022,3.071688694155172,3.6850000000000267,low,False,39694.2,64.04416519997176,2.831999999999971
har,0,2022-06-03 20:30:00,2022,2.110474331265526,2.6942857142856838,low,False,28096.2,64.04416519997176,1.2419999999999618
har,0,2022-06-07 22:30:00,2022,1.4579287424808562,1.759285714285706,low,False,35801.6,64.04416519997176,1.1259999999999308
har,0,2022-06-10 01:30:00,2022,1.011580580332938,0.9435714285714474,low,False,31827.2,64.04416519997176,0.6920000000000073
har,0,2022-06-14 03:30:00,2022,2.151371399907703,2.7685714285714442,low,False,28411.8,64.04416519997176,1.6140000000000783
har,0,2022-06-16 05:30:00,2022,1.5445171838562115,1.892142857142874,low,False,20841.6,64.04416519997176,1.496000000000049
har,0,2022-06-20 07:30:00,2022,1.740680543542339,2.606428571428588,low,False,23160.1,64.04416519997176,1.4039999999999964
har,0,2022-06-22 12:00:00,2022,1.95518700975142,2.51071428571426,low,False,17901.8,64.04416519997176,2.2460000000000035
har,0,2022-06-24 14:00:00,2022,2.0308705115205496,2.3614285714285677,low,False,17437.6,64.04416519997176,2.8539999999999965
har,0,2022-06-28 16:00:00,2022,2.7376421045523656,2.392142857142809,low,False,24480.7,64.04416519997176,3.336000000000058
har,0,2022-06-30 18:00:00,2022,4.3768396676499135,5.6635714285714585,low,False,24969.1,64.04416519997176,3.2739999999999325
har,1,2022-07-01 01:00:00,2022,1.4249035932959069,1.6364285714285611,low,False,39180.6,15.284964499995112,1.1960000000000037
har,1,2022-07-05 05:30:00,2022,1.2546639491739178,1.47357142857142,low,False,35505.9,15.284964499995112,1.1639999999999417
har,1,2022-07-07 07:30:00,2022,1.4844661829274974,1.9250000000000196,low,False,27087.6,15.284964499995112,1.9420000000000073
har,1,2022-07-11 09:30:00,2022,1.3472127819509787,1.1521428571428487,low,False,32325.4,15.284964499995112,2.1899999999999635
har,1,2022-07-13 11:30:00,2022,1.8316074860380596,2.0707142857143026,low,False,33368.9,15.284964499995112,1.9880000000000109
har,1,2022-07-15 13:30:00,2022,1.7034899864440076,1.8435714285714084,low,False,35819.7,15.284964499995112,2.3780000000000654
har,1,2022-07-19 15:30:00,2022,2.6303667696697253,2.2235714285714363,low,False,43686.3,15.284964499995112,2.7819999999999254
har,1,2022-07-21 17:30:00,2022,5.750588510493397,6.190000000000006,low,False,31076.9,15.284964499995112,4.501999999999998
har,1,2022-07-25 19:30:00,2022,2.0078607712143506,2.4071428571428766,low,False,32145.7,15.284964499995112,1.7859999999999219
har,1,2022-07-27 21:30:00,2022,2.4614958751927634,3.218571428571425,low,False,26068.6,15.284964499995112,5.033999999999923
har,1,2022-07-29 23:30:00,2022,1.3002280002175337,1.7535714285714417,low,False,33395.1,15.284964499995112,1.0380000000000564
har,1,2022-08-03 02:30:00,2022,1.6165060191749656,2.1242857142856986,low,False,31539.5,15.284964499995112,2.183999999999969
har,1,2022-08-05 04:30:00,2022,1.4040141391541863,1.3900000000000026,low,False,25901.8,15.284964499995112,1.4859999999999673
har,1,2022-08-09 06:30:00,2022,1.0958620563132146,1.3100000000000267,low,False,30594.2,15.284964499995112,0.8240000000000236
har,1,2022-08-11 08:30:00,2022,1.3017686722547517,1.404999999999989,low,False,27654.8,15.284964499995112,2.0659999999999856
har,1,2022-08-15 10:30:00,2022,1.4485434580384065,1.3057142857142512,low,False,35525.8,15.284964499995112,2.34399999999996
har,1,2022-08-17 12:30:00,2022,1.5363754595083698,1.7371428571428527,low,False,37601.0,15.284964499995112,1.8300000000000183
har,1,2022-08-19 14:30:00,2022,1.7442535726342674,1.8521428571428291,low,False,26859.0,15.284964499995112,3.101999999999998
har,1,2022-08-23 16:30:00,2022,2.8762600214663103,2.5357142857142856,low,False,34049.8,15.284964499995112,5.57199999999998
har,1,2022-08-25 18:30:00,2022,2.435211663597542,2.715714285714268,low,False,31924.7,15.284964499995112,1.3600000000000363
har,1,2022-08-29 20:30:00,2022,1.7245501791452575,1.9764285714285765,low,False,38624.5,15.284964499995112,1.2919999999999618
har,1,2022-08-31 22:30:00,2022,1.426487617518975,1.6399999999999701,low,False,32979.6,15.284964499995112,0.9140000000000328
har,1,2022-09-05 01:30:00,2022,1.3769354876211874,1.6049999999999696,low,False,29131.6,15.284964499995112,0.9540000000000418
har,1,2022-09-07 06:00:00,2022,1.6562693684251126,2.5171428571428742,low,False,33365.4,15.284964499995112,1.4380000000000108
har,1,2022-09-09 08:00:00,2022,1.2835323384680801,1.3835714285714857,low,False,112917.3,15.284964499995112,1.6639999999999873
har,1,2022-09-13 10:00:00,2022,1.594170776230921,1.5364285714285384,low,False,39231.6,15.284964499995112,1.7359999999999218
har,1,2022-09-15 12:00:00,2022,1.6536968466065605,1.9407142857142585,low,False,40771.9,15.284964499995112,1.82199999999998
har,1,2022-09-19 14:00:00,2022,2.137999559285766,2.4492857142857116,low,False,38026.9,15.284964499995112,3.0420000000000074
har,1,2022-09-21 16:00:00,2022,2.48587961818989,2.0149999999999864,low,False,36278.5,15.284964499995112,2.3480000000000016
har,1,2022-09-23 18:00:00,2022,3.7389682406651863,4.550000000000003,low,False,32033.0,15.284964499995112,2.4100000000000366
har,1,2022-09-27 20:00:00,2022,2.7190372431394696,3.5792857142857235,low,False,30967.3,15.284964499995112,1.6880000000000563
har,1,2022-09-29 22:00:00,2022,1.8770682958458689,2.318571428571431,low,False,34987.8,15.284964499995112,1.4200000000000272
har,1,2022-10-04 01:00:00,2022,1.7000946387199174,2.0792857142856747,low,False,20866.8,15.284964499995112,1.83799999999992
har,1,2022-10-06 03:00:00,2022,1.4111329335000113,1.3428571428571072,low,False,26443.2,15.284964499995112,2.3340000000000147
har,1,2022-10-10 05:00:00,2022,1.6492101131352108,2.0564285714285364,low,False,25791.3,15.284964499995112,1.9759999999999764
har,1,2022-10-12 07:00:00,2022,1.6942103008675746,2.3392857142857304,low,False,25990.4,15.284964499995112,1.3940000000000055
har,1,2022-10-14 09:00:00,2022,1.8726839028621607,1.7928571428571363,low,False,24258.8,15.284964499995112,2.739999999999964
har,1,2022-10-18 11:00:00,2022,1.9121347505318,2.1399999999999864,low,False,28582.8,15.284964499995112,3.4179999999999837
har,1,2022-10-20 13:00:00,2022,2.1065167569063563,2.6014285714285927,low,False,32869.8,15.284964499995112,2.7259999999999764
har,1,2022-10-24 15:00:00,2022,3.084700992818044,2.5614285714285807,low,False,31817.3,15.284964499995112,2.831999999999971
har,1,2022-10-26 17:00:00,2022,3.347053321089871,3.102857142857179,low,False,27513.2,15.284964499995112,3.668000000000029
har,1,2022-10-28 19:00:00,2022,2.7931595306173373,3.63571428571426,low,False,29903.3,15.284964499995112,1.6319999999999708
har,1,2022-11-01 20:00:00,2022,2.0570635383994698,2.460000000000004,low,False,33401.4,15.284964499995112,1.9040000000000419
har,1,2022-11-03 22:00:00,2022,1.3587112076828294,1.3764285714285702,low,False,29026.5,15.284964499995112,0.9440000000000055
har,1,2022-11-08 02:00:00,2022,1.0454021983839805,0.9764285714285766,low,False,29838.4,15.284964499995112,1.7059999999999946
har,1,2022-11-10 04:00:00,2022,1.6304475337748776,1.7092857142857025,low,False,24039.3,15.284964499995112,1.8159999999999854
har,1,2022-11-14 06:00:00,2022,1.584358310198621,2.2257142857142918,low,False,25716.0,15.284964499995112,1.75
har,1,2022-11-16 08:00:00,2022,1.670064686872098,1.9021428571428811,low,False,37036.7,15.284964499995112,2.2920000000000527
har,1,2022-11-18 10:00:00,2022,1.7526080353678666,1.70714285714288,low,False,34013.2,15.284964499995112,2.37800000000002
har,1,2022-11-22 12:00:00,2022,1.7417257078611257,2.051428571428606,low,False,29069.1,15.284964499995112,1.583999999999969
har,1,2022-11-24 14:00:00,2022,1.6716734343936595,1.609999999999965,low,False,31193.2,15.284964499995112,1.2179999999999835
har,1,2022-11-28 21:45:00,2022,1.5627672484448905,1.6764285714285572,low,False,30164.0,15.284964499995112,1.4340000000000146
har,1,2022-11-30 23:45:00,2022,2.1738139330418638,3.657857142857129,low,False,112077.5,15.284964499995112,2.1239999999999783
har,1,2022-12-05 02:45:00,2022,1.2924673705336804,1.512142857142911,low,False,38483.4,15.284964499995112,2.95600000000004
har,1,2022-12-07 04:45:00,2022,1.5217999517535714,1.6350000000000233,low,False,33844.4,15.284964499995112,1.4
har,1,2022-12-09 06:45:00,2022,1.1678717759134076,1.4635714285714292,low,False,28427.2,15.284964499995112,1.7239999999999782
har,1,2022-12-13 08:45:00,2022,1.1896624298562495,1.2321428571428572,low,False,30159.9,15.284964499995112,2.0679999999999836
har,1,2022-12-15 10:45:00,2022,2.881542772836924,3.5200000000000142,low,False,36732.0,15.284964499995112,2.84399999999996
har,1,2022-12-19 12:45:00,2022,1.5621604547606678,1.7392857142856915,low,False,31390.7,15.284964499995112,1.4639999999999873
har,1,2022-12-21 14:45:00,2022,1.5465124547032805,1.4921428571428967,low,False,25005.8,15.284964499995112,2.1279999999999744
har,1,2022-12-23 16:45:00,2022,2.829502829378974,2.47071428571428,low,False,44640.1,15.284964499995112,2.8600000000000363
har,1,2022-12-28 18:45:00,2022,2.7512445621780466,3.158571428571398,low,False,33608.6,15.284964499995112,2.083999999999969
har,1,2022-12-30 20:45:00,2022,2.0964335956073517,2.6492857142857082,low,False,27016.3,15.284964499995112,1.5359999999999672
har,2,2023-01-03 01:00:00,2023,1.3473076266476456,1.5878571428571442,low,False,31567.2,23.62269330001436,2.77199999999998
har,2,2023-01-05 03:00:00,2023,1.5611942079730876,1.6992857142857116,low,False,21472.0,23.62269330001436,2.4320000000000164
har,2,2023-01-09 05:00:00,2023,1.696515100491451,2.2592857142856895,low,False,26657.0,23.62269330001436,1.031999999999971
har,2,2023-01-11 07:00:00,2023,1.210454208941593,1.454285714285756,low,False,23409.6,23.62269330001436,2.359999999999991
har,2,2023-01-13 09:00:00,2023,1.615906603351214,1.4907142857142779,low,False,61453.1,23.62269330001436,3.5519999999999983
har,2,2023-01-17 13:30:00,2023,1.6264475120934394,1.8507142857143404,low,False,24665.9,23.62269330001436,2.8300000000000183
har,2,2023-01-19 15:30:00,2023,2.9792947929727838,2.650000000000042,low,False,31057.2,23.62269330001436,3.624000000000069
har,2,2023-01-23 17:30:00,2023,4.072346839938338,4.1399999999999535,low,False,27444.2,23.62269330001436,2.9119999999999435
har,2,2023-01-25 19:30:00,2023,2.6861635728743636,3.6342857142857548,low,False,25006.2,23.62269330001436,2.498000000000002
har,2,2023-01-27 21:30:00,2023,1.8771794901585905,2.212857142857128,low,False,35373.7,23.62269330001436,1.489999999999918
har,2,2023-01-31 23:30:00,2023,1.0898693244271875,1.2807142857143066,low,False,21401.4,23.62269330001436,0.9119999999999436
har,2,2023-02-03 02:30:00,2023,1.347635629013325,1.6078571428571422,low,False,29358.7,23.62269330001436,1.5040000000000417
har,2,2023-02-07 04:30:00,2023,1.499528197702171,1.5035714285714417,low,False,24709.6,23.62269330001436,1.6599999999999455
har,2,2023-02-09 06:30:00,2023,1.153224242643349,1.3192857142857162,low,False,28791.2,23.62269330001436,1.323999999999978
har,2,2023-02-13 08:30:00,2023,1.4888932966138595,1.673571428571417,low,False,31353.5,23.62269330001436,2.168000000000029
har,2,2023-02-15 10:30:00,2023,2.5840990114656353,2.8650000000000415,low,False,26518.6,23.62269330001436,2.93400000000006
har,2,2023-02-17 12:30:00,2023,2.40066137359477,3.1407142857142225,low,False,25054.1,23.62269330001436,1.816000000000031
har,2,2023-02-21 17:00:00,2023,3.2126495121783187,2.9978571428571934,low,False,24618.7,23.62269330001436,3.5659999999999856
har,2,2023-02-23 19:00:00,2023,3.0011274849938285,4.150714285714263,low,False,26061.4,23.62269330001436,1.9019999999999526
har,2,2023-02-27 21:00:00,2023,1.6090751097386577,1.7571428571428507,low,False,24794.8,23.62269330001436,1.2920000000000527
har,2,2023-03-01 23:00:00,2023,1.066555379631829,1.23571428571425,low,False,28861.7,23.62269330001436,0.9039999999999964
har,2,2023-03-06 02:00:00,2023,1.2329677780727153,1.4485714285713942,low,False,28826.1,23.62269330001436,1.7100000000000364
har,2,2023-03-08 04:00:00,2023,1.2983820057888213,1.202857142857202,low,False,26262.4,23.62269330001436,1.190000000000009
har,2,2023-03-10 06:00:00,2023,1.2890019310504415,1.707857142857165,low,False,28158.8,23.62269330001436,1.2820000000000165
har,2,2023-03-14 07:00:00,2023,1.438580521779197,1.8000000000000032,low,False,31063.3,23.62269330001436,4.02800000000002
har,2,2023-03-16 09:00:00,2023,2.321696431623397,2.6492857142857247,low,False,28802.4,23.62269330001436,4.335999999999967
har,2,2023-03-20 11:00:00,2023,5.113312445334562,7.572142857142873,low,False,26250.1,23.62269330001436,5.782000000000016
har,2,2023-03-22 13:00:00,2023,2.213576553102378,2.734285714285664,low,False,26552.6,23.62269330001436,2.983999999999969
har,2,2023-03-24 15:00:00,2023,4.261919175670904,4.145714285714283,low,False,26340.5,23.62269330001436,6.873999999999933
har,2,2023-03-28 18:00:00,2023,3.2514983333065732,3.8178571428571138,low,False,29071.9,23.62269330001436,2.5239999999999783
har,2,2023-03-30 20:00:00,2023,2.633307564260859,3.4942857142856707,low,False,26054.3,23.62269330001436,2.1559999999999944
har,2,2023-04-03 22:00:00,2023,1.840197566074462,2.307857142857123,low,False,28837.7,23.62269330001436,1.3639999999999872
har,2,2023-04-06 01:00:00,2023,1.2677889615358404,1.2764285714285637,low,False,25433.6,23.62269330001436,0.93799999999992
har,2,2023-04-11 03:00:00,2023,1.2070221981126654,1.0028571428571564,low,False,29562.3,23.62269330001436,1.7179999999999835
har,2,2023-04-13 05:00:00,2023,1.52781236494187,1.8092857142857253,low,False,25983.0,23.62269330001436,1.8700000000000272
har,2,2023-04-17 07:00:00,2023,1.6583049710845377,2.253571428571393,low,False,23102.7,23.62269330001436,1.31200000000008
har,2,2023-04-19 09:00:00,2023,1.7286606935758162,1.8257142857142494,low,False,26197.3,23.62269330001436,4.3659999999999854
har,2,2023-04-21 11:00:00,2023,2.708390976978123,3.5492857142856695,low,False,44586.4,23.62269330001436,3.1840000000000144
har,2,2023-04-25 13:00:00,2023,2.1769106858494807,2.7921428571429,low,False,34269.1,23.62269330001436,2.7419999999999165
har,2,2023-04-27 15:00:00,2023,2.404819246174814,1.887857142857115,low,False,29348.8,23.62269330001436,8.352000000000043
har,2,2023-05-01 17:00:00,2023,4.306660190112701,4.4207142857142765,low,False,32261.6,23.62269330001436,3.944000000000051
har,2,2023-05-03 19:00:00,2023,2.8830277783644176,3.962857142857128,low,False,32654.0,23.62269330001436,2.1120000000000347
har,2,2023-05-05 21:00:00,2023,2.2062791993369313,2.744285714285752,low,False,24158.9,23.62269330001436,1.9820000000000164
har,2,2023-05-09 23:00:00,2023,1.1956701335968265,1.5599999999999778,low,False,33975.2,23.62269330001436,0.7319999999999709
har,2,2023-05-12 02:00:00,2023,1.06380755907386,1.0242857142857085,low,False,34828.9,23.62269330001436,0.8579999999999472
har,2,2023-05-16 04:00:00,2023,1.15460879105624,0.9657142857142357,low,False,29557.6,23.62269330001436,1.5799999999999728
har,2,2023-05-18 06:00:00,2023,1.050426922539048,1.1728571428571481,low,False,26725.6,23.62269330001436,1.2059999999999946
har,2,2023-05-22 08:00:00,2023,1.4233888853536418,1.6121428571428364,low,False,32117.6,23.62269330001436,2.548000000000002
har,2,2023-05-24 10:00:00,2023,1.976513838252217,2.1149999999999927,low,False,30890.9,23.62269330001436,2.750000000000091
har,2,2023-05-26 12:00:00,2023,1.9671230800889117,2.4292857142856974,low,False,25834.5,23.62269330001436,1.168000000000029
har,2,2023-05-30 16:30:00,2023,3.0998510673347486,2.8071428571428703,low,False,31938.8,23.62269330001436,3.3820000000000165
har,2,2023-06-01 18:30:00,2023,3.668766836981764,4.599285714285737,low,False,29026.4,23.62269330001436,2.0139999999999416
har,2,2023-06-05 20:30:00,2023,2.0297975751754334,2.5128571428571638,low,False,34956.1,23.62269330001436,1.58400000000006
har,2,2023-06-07 22:30:00,2023,1.5047211194090864,1.8214285714285714,low,False,25689.6,23.62269330001436,1.2420000000000528
har,2,2023-06-12 01:30:00,2023,0.9891098507429974,0.8964285714285519,low,False,34795.4,23.62269330001436,1.1
har,2,2023-06-14 03:30:00,2023,1.2583470128740213,1.1207142857142895,low,False,28276.0,23.62269330001436,1.4419999999999618
har,2,2023-06-16 05:30:00,2023,1.3143483284090998,1.5364285714285384,low,False,22447.4,23.62269330001436,1.62199999999998
har,2,2023-06-20 10:00:00,2023,1.7072551023242344,1.7342857142857124,low,False,24046.3,23.62269330001436,2.0239999999999783
har,2,2023-06-22 12:00:00,2023,1.8391377874348775,2.2257142857142753,low,False,31607.7,23.62269330001436,1.6519999999999526
har,2,2023-06-26 14:00:00,2023,1.6079361352197732,1.6242857142856661,low,False,27181.0,23.62269330001436,1.5659999999999854
har,2,2023-06-28 16:00:00,2023,2.3436404192300926,1.8564285714285396,low,False,17998.5,23.62269330001436,4.992000000000007
har,2,2023-06-30 18:00:00,2023,3.183681280107691,3.872857142857112,low,False,28584.5,23.62269330001436,2.219999999999982
har,3,2023-07-03 01:00:00,2023,1.0649610241638927,1.0421428571428513,low,False,42905.4,28.00495440000668,0.69399999999996
har,3,2023-07-05 05:30:00,2023,1.005996178071561,0.9871428571428851,low,False,40194.6,28.00495440000668,0.8920000000000528
har,3,2023-07-07 07:30:00,2023,1.021708009920397,1.0300000000000378,low,False,37186.4,28.00495440000668,1.0459999999999128
har,3,2023-07-11 09:30:00,2023,1.651395267630188,1.775000000000026,low,False,36617.6,28.00495440000668,2.7619999999999436
har,3,2023-07-13 11:30:00,2023,1.824660508884642,2.0964285714285813,low,False,32846.1,28.00495440000668,0.9639999999999873
har,3,2023-07-17 13:30:00,2023,1.6198676648488441,1.8778571428571564,low,False,40454.7,28.00495440000668,1.2319999999999254
har,3,2023-07-19 15:30:00,2023,2.4352260441116083,2.0000000000000324,low,False,41344.9,28.00495440000668,2.8300000000000636
har,3,2023-07-21 17:30:00,2023,3.231811959158951,3.0942857142856934,low,False,42796.0,28.00495440000668,3.1259999999999764
har,3,2023-07-25 19:30:00,2023,2.3248559726714872,3.045000000000008,low,False,40486.6,28.00495440000668,1.6100000000000363
har,3,2023-07-27 21:30:00,2023,1.9038237668136986,2.2728571428571707,low,False,43224.7,28.00495440000668,1.7179999999999835
har,3,2023-07-31 23:30:00,2023,0.9946963649874362,1.1650000000000122,low,False,35341.7,28.00495440000668,0.7640000000000328
har,3,2023-08-03 02:30:00,2023,0.84898709848745,0.658571428571463,low,False,40897.0,28.00495440000668,0.9559999999999491
har,3,2023-08-07 04:30:00,2023,1.403693173435004,1.3907142857142714,low,False,51325.1,28.00495440000668,1.4420000000000073
har,3,2023-08-09 06:30:00,2023,1.1277187888256262,1.3671428571428643,low,False,37734.0,28.00495440000668,0.9639999999999418
har,3,2023-08-11 08:30:00,2023,1.1498831941692438,1.1085714285714923,low,False,48098.5,28.00495440000668,1.0920000000000527
har,3,2023-08-15 10:30:00,2023,1.4813030147293789,1.3442857142856934,low,False,51945.6,28.00495440000668,1.35
har,3,2023-08-17 12:30:00,2023,1.3190580377796877,1.3342857142857025,low,False,44586.5,28.00495440000668,1.8579999999999928
har,3,2023-08-21 14:30:00,2023,1.476990068084166,1.4321428571428865,low,False,38955.8,28.00495440000668,2.609999999999991
har,3,2023-08-23 16:30:00,2023,2.9027760500057593,2.6178571428571655,low,False,38384.2,28.00495440000668,4.339999999999963
har,3,2023-08-25 18:30:00,2023,3.427622363479535,4.307857142857139,low,False,37505.1,28.00495440000668,1.8059999999999945
har,3,2023-08-29 20:30:00,2023,1.8815087266619497,2.313571428571468,low,False,40973.1,28.00495440000668,1.10600000000004
har,3,2023-08-31 22:30:00,2023,1.015803705409858,0.9228571428571806,low,False,39792.8,28.00495440000668,0.7079999999999927
har,3,2023-09-05 04:00:00,2023,0.8570786652938599,0.5135714285714162,low,False,39775.9,28.00495440000668,1.5159999999999854
har,3,2023-09-07 06:00:00,2023,0.9079629536832999,0.9378571428571182,low,False,38775.7,28.00495440000668,0.6219999999999345
har,3,2023-09-11 08:00:00,2023,1.0792860163553535,1.0564285714285526,low,False,40578.4,28.00495440000668,1.351999999999998
har,3,2023-09-13 10:00:00,2023,1.3631784454715028,1.2050000000000085,low,False,41933.5,28.00495440000668,1.2239999999999782
har,3,2023-09-15 12:00:00,2023,1.4164875058552033,1.5535714285714772,low,False,51708.4,28.00495440000668,0.8480000000000473
har,3,2023-09-19 14:00:00,2023,1.1113239664774908,0.8507142857143241,low,False,47869.4,28.00495440000668,1.2639999999999874
har,3,2023-09-21 16:00:00,2023,2.5198104268320916,2.122142857142827,low,False,38968.9,28.00495440000668,3.6000000000000454
har,3,2023-09-25 18:00:00,2023,2.240163414964264,2.484999999999997,low,False,46877.6,28.00495440000668,1.6440000000000055
har,3,2023-09-27 20:00:00,2023,2.056171668183597,2.649999999999961,low,False,43389.0,28.00495440000668,1.92199999999998
har,3,2023-09-29 22:00:00,2023,1.584816387753647,2.0235714285714397,low,False,49214.0,28.00495440000668,1.3099999999999
har,3,2023-10-04 01:00:00,2023,1.1918737212375239,1.2521428571428714,low,False,42355.5,28.00495440000668,1.088000000000011
har,3,2023-10-06 03:00:00,2023,1.0230181544819823,0.7778571428571662,low,False,54109.3,28.00495440000668,1.2400000000000546
har,3,2023-10-10 05:00:00,2023,1.250127821116749,1.4421428571428774,low,False,40954.1,28.00495440000668,1.1980000000000017
har,3,2023-10-12 07:00:00,2023,1.114783360224713,1.2878571428571408,low,False,41137.4,28.00495440000668,1.0379999999999654
har,3,2023-10-16 09:00:00,2023,1.622281922481017,1.6149999999999929,low,False,54077.9,28.00495440000668,2.7199999999999362
har,3,2023-10-18 11:00:00,2023,1.8057995316060917,2.039285714285711,low,False,41718.9,28.00495440000668,1.6040000000000418
har,3,2023-10-20 13:00:00,2023,1.976512542184653,2.406428571428575,low,False,44638.6,28.00495440000668,1.682000000000062
har,3,2023-10-24 15:00:00,2023,3.348297185132974,3.162142857142823,low,False,42445.9,28.00495440000668,3.352000000000044
har,3,2023-10-26 17:00:00,2023,3.895956393154359,3.7778571428571337,low,False,48990.4,28.00495440000668,3.9199999999999364
har,3,2023-10-30 18:00:00,2023,2.8797567298317834,3.3057142857143327,low,False,40076.8,28.00495440000668,2.181999999999971
har,3,2023-11-01 20:00:00,2023,2.290754289988465,2.9407142857143236,low,False,49732.2,28.00495440000668,6.1159999999999854
har,3,2023-11-03 22:00:00,2023,1.415351039053695,1.5535714285714448,low,False,75119.5,28.00495440000668,1.4480000000000017
har,3,2023-11-08 02:00:00,2023,0.900355830190074,0.7592857142857058,low,False,42560.2,28.00495440000668,1.1940000000000055
har,3,2023-11-10 04:00:00,2023,1.2696369939867298,1.1600000000000006,low,False,44583.4,28.00495440000668,1.5700000000000727
har,3,2023-11-14 06:00:00,2023,1.0934316556653088,1.2935714285714215,low,False,43998.1,28.00495440000668,0.9019999999999981
har,3,2023-11-16 08:00:00,2023,1.2080993740971486,1.2078571428571325,low,False,42013.3,28.00495440000668,1.6740000000000237
har,3,2023-11-20 10:00:00,2023,1.7722318494071114,1.8028571428571598,low,False,38120.0,28.00495440000668,2.0700000000000274
har,3,2023-11-22 12:00:00,2023,1.8273540002161086,2.2464285714285745,low,False,42588.4,28.00495440000668,1.4580000000000837
har,3,2023-11-24 16:30:00,2023,2.4496756840016496,2.022142857142837,low,False,38995.1,28.00495440000668,2.686000000000013
har,3,2023-11-28 21:45:00,2023,1.732808883507394,2.05499999999995,low,False,44582.6,28.00495440000668,1.0999999999999546
har,3,2023-11-30 23:45:00,2023,1.0676541277362268,1.32000000000005,low,False,44833.9,28.00495440000668,1.682000000000062
har,3,2023-12-05 02:45:00,2023,1.9412616129345521,2.5028571428571564,low,False,50355.3,28.00495440000668,2.8300000000000183
har,3,2023-12-07 04:45:00,2023,1.6283392929143405,1.6850000000000105,low,False,43884.8,28.00495440000668,1.5840000000000145
har,3,2023-12-11 06:45:00,2023,1.4494267792822069,1.894285714285713,low,False,59142.6,28.00495440000668,1.475999999999931
har,3,2023-12-13 08:45:00,2023,1.366750108088448,1.4699999999999949,low,False,46935.3,28.00495440000668,2.1900000000000546
har,3,2023-12-15 10:45:00,2023,1.7852690735685268,1.743571428571402,low,False,41471.0,28.00495440000668,2.6960000000000948
har,3,2023-12-19 12:45:00,2023,1.5090669789457505,1.6092857142857124,low,False,144568.9,28.00495440000668,1.4
har,3,2023-12-21 14:45:00,2023,1.67861570307045,1.7028571428571044,low,False,45409.3,28.00495440000668,5.689999999999964
har,3,2023-12-26 16:45:00,2023,2.6574535944193416,2.187857142857086,low,False,46680.3,28.00495440000668,2.2059999999998583
har,3,2023-12-28 18:45:00,2023,2.8642243366778835,3.3164285714285273,low,False,42626.9,28.00495440000668,2.581999999999971
har,4,2024-01-02 01:00:00,2024,1.4571618327232814,1.796428571428578,low,False,35964.1,14.289285400009248,1.6179999999999382
har,4,2024-01-04 03:00:00,2024,1.3512703152156014,1.2221428571428987,low,False,35021.8,14.289285400009248,1.8779999999999746
har,4,2024-01-08 05:00:00,2024,1.4518576422776717,1.644285714285713,low,False,46912.0,14.289285400009248,2.7
har,4,2024-01-10 07:00:00,2024,1.3400621865142441,1.6757142857142884,low,False,48138.2,14.289285400009248,2.4139999999999873
har,4,2024-01-12 09:00:00,2024,1.5810836544601632,1.4350000000000267,low,False,46303.3,14.289285400009248,2.788000000000056
har,4,2024-01-16 13:15:00,2024,2.0505169107425387,2.681428571428569,low,False,34511.5,14.289285400009248,2.933999999999969
har,4,2024-01-18 15:15:00,2024,2.622826925000565,2.182142857142838,low,False,42345.6,14.289285400009248,3.951999999999998
har,4,2024-01-22 17:15:00,2024,3.6118995094837385,3.537142857142872,low,False,39590.1,14.289285400009248,2.4700000000000726
har,4,2024-01-24 19:15:00,2024,2.9412182634039103,4.129285714285694,low,False,59334.9,14.289285400009248,2.798000000000002
har,4,2024-01-26 21:15:00,2024,1.551673277448295,1.6807142857143162,low,False,36294.5,14.289285400009248,1.3239999999999328
har,4,2024-01-30 23:15:00,2024,1.0987772023879903,1.3657142857142617,low,False,34277.1,14.289285400009248,0.838000000000011
har,4,2024-02-02 02:15:00,2024,1.1883377266471897,1.2728571428572195,low,False,18512.0,14.289285400009248,1.6780000000000654
har,4,2024-02-06 04:15:00,2024,1.3365595767703706,1.2471428571428598,low,False,20097.2,14.289285400009248,1.3120000000000345
har,4,2024-02-08 06:15:00,2024,1.1226297813065658,1.321428571428539,low,False,24474.3,14.289285400009248,1.2260000000000217
har,4,2024-02-12 08:15:00,2024,1.0388913050231692,0.8621428571428851,low,False,19594.5,14.289285400009248,1.3459999999999126
har,4,2024-02-14 10:15:00,2024,1.6435909605824421,1.5557142857142838,low,False,30265.9,14.289285400009248,2.1039999999999965
har,4,2024-02-16 12:15:00,2024,1.3296132836659342,1.3271428571428845,low,False,33897.5,14.289285400009248,1.2960000000000036
har,4,2024-02-20 16:45:00,2024,2.4990121138776664,2.0649999999999573,low,False,40126.1,14.289285400009248,2.659999999999991
har,4,2024-02-22 18:45:00,2024,2.5641200069744547,2.9314285714286012,low,False,44833.4,14.289285400009248,2.1100000000000363
har,4,2024-02-26 20:45:00,2024,1.6955418320107167,1.9635714285714454,low,False,39428.0,14.289285400009248,1.4800000000000182
har,4,2024-02-28 22:45:00,2024,1.2019649550262386,1.2828571428571618,low,False,32010.7,14.289285400009248,1.2420000000000073
har,4,2024-03-04 01:45:00,2024,1.3267932270010259,1.5828571428572624,low,False,40122.8,14.289285400009248,1.5719999999999346
har,4,2024-03-06 03:45:00,2024,1.4005517554757898,1.3521428571428455,low,False,46906.8,14.289285400009248,1.5020000000001346
har,4,2024-03-08 05:45:00,2024,1.4685525982127325,1.7899999999999636,low,False,55667.7,14.289285400009248,1.5919999999999164
har,4,2024-03-12 06:45:00,2024,1.23285008566606,1.5214285714285845,low,False,46796.9,14.289285400009248,2.1579999999999018
har,4,2024-03-14 08:45:00,2024,1.2835746426391357,1.328571428571422,low,False,47093.7,14.289285400009248,1.2139999999998508
har,4,2024-03-18 10:45:00,2024,1.7835149868817446,1.8164285714284947,low,False,42445.8,14.289285400009248,1.8019999999999528
har,4,2024-03-20 12:45:00,2024,1.480111545609714,1.6364285714285285,low,False,18863.6,14.289285400009248,1.7359999999998763
har,4,2024-03-22 14:45:00,2024,2.1421708579596914,2.4342857142856764,low,False,20345.5,14.289285400009248,3.8159999999999856
har,4,2024-03-26 16:45:00,2024,4.554408077411378,4.617857142857117,low,False,16994.7,14.289285400009248,4.1039999999999965
har,4,2024-03-28 18:45:00,2024,3.742509036073059,4.695000000000034,low,False,20463.6,14.289285400009248,2.6100000000001273
har,4,2024-04-02 21:45:00,2024,2.84857883265813,3.985714285714331,low,False,16808.1,14.289285400009248,3.0720000000000254
har,4,2024-04-04 23:45:00,2024,2.8862144273880435,5.384285714285819,low,False,15013.3,14.289285400009248,1.9339999999999236
har,4,2024-04-09 02:45:00,2024,1.484183963898175,1.602142857142878,low,False,18634.8,14.289285400009248,3.4159999999999853
har,4,2024-04-11 04:45:00,2024,2.174666196865597,2.3978571428571223,low,False,18643.1,14.289285400009248,2.7540000000000875
har,4,2024-04-15 06:45:00,2024,3.1016150182868407,5.074285714285614,low,False,19401.8,14.289285400009248,2.796000000000004
har,4,2024-04-17 08:45:00,2024,1.887140387292306,2.1278571428571076,low,False,16744.0,14.289285400009248,3.520000000000073
har,4,2024-04-19 10:45:00,2024,4.007251873267181,5.110000000000127,low,False,16963.3,14.289285400009248,4.180000000000109
har,4,2024-04-23 12:45:00,2024,3.294031044960237,4.612142857142901,low,False,15648.9,14.289285400009248,3.7899999999999636
har,4,2024-04-25 14:45:00,2024,2.2377872314294063,2.464285714285747,low,False,15891.0,14.289285400009248,6.947999999999956
har,4,2024-04-29 16:45:00,2024,4.354642348923879,4.152857142857134,low,False,15652.7,14.289285400009248,4.0080000000000835
har,4,2024-05-01 18:45:00,2024,3.8818271297586295,4.822857142857109,low,False,22696.6,14.289285400009248,3.3739999999999783
har,4,2024-05-03 20:45:00,2024,3.39950771212571,4.484999999999998,low,False,21639.4,14.289285400009248,2.4220000000000255
har,4,2024-05-07 22:45:00,2024,1.8807561214823014,2.3428571428571883,low,False,38380.8,14.289285400009248,1.481999999999971
har,4,2024-05-10 01:45:00,2024,1.81961255535776,2.3828571428571843,low,False,26374.0,14.289285400009248,1.2840000000001055
har,4,2024-05-14 03:45:00,2024,1.4109640448272798,1.3564285714284259,low,False,33689.4,14.289285400009248,3.1159999999998944
har,4,2024-05-16 05:45:00,2024,2.212753909902457,3.2314285714285234,low,False,37208.5,14.289285400009248,2.147999999999956
har,4,2024-05-20 07:45:00,2024,2.453355210928717,3.9607142857143054,low,False,41275.0,14.289285400009248,4.1599999999998545
har,4,2024-05-22 09:45:00,2024,2.4159554937155114,2.9664285714285534,low,False,29973.9,14.289285400009248,3.3279999999999745
har,4,2024-05-24 11:45:00,2024,2.3666363912127513,2.8485714285714687,low,False,41830.0,14.289285400009248,2.8040000000000873
har,4,2024-05-28 16:15:00,2024,3.4891711996157233,3.217142857142757,low,False,42283.3,14.289285400009248,5.384000000000105
har,4,2024-05-30 18:15:00,2024,3.642129855419073,4.530714285714274,low,False,33463.5,14.289285400009248,3.093999999999869
har,4,2024-06-03 20:15:00,2024,3.3559929143149594,4.8350000000000035,low,False,42297.3,14.289285400009248,2.645999999999913
har,4,2024-06-05 22:15:00,2024,1.7633424245309417,2.2585714285714857,low,False,34296.3,14.289285400009248,1.3660000000000765
har,4,2024-06-10 01:15:00,2024,2.480090227585577,3.692857142857195,low,False,32803.5,14.289285400009248,2.4039999999999964
har,4,2024-06-12 03:15:00,2024,1.387948767439097,1.3607142857142662,low,False,45290.8,14.289285400009248,2.0039999999999965
har,4,2024-06-14 05:15:00,2024,1.4854055185824369,1.7114285714285091,low,False,39252.2,14.289285400009248,2.1799999999999273
har,4,2024-06-18 07:15:00,2024,1.4741016715315711,1.9771428571428455,low,False,65095.1,14.289285400009248,2.375999999999931
har,4,2024-06-20 11:45:00,2024,2.1888453914834862,2.7607142857143248,low,False,53654.1,14.289285400009248,2.0339999999999234
har,4,2024-06-24 13:45:00,2024,2.285032112476116,3.008571428571421,low,False,43950.6,14.289285400009248,2.1260000000000217
har,4,2024-06-26 15:45:00,2024,3.674535075800991,3.6035714285714158,low,False,39877.5,14.289285400009248,6.5219999999999345
har,4,2024-06-28 17:45:00,2024,4.07255671233294,4.148571428571423,low,False,36723.6,14.289285400009248,2.9459999999998217
har,5,2024-07-01 01:00:00,2024,1.4805284657378728,1.8085714285714727,low,False,28830.2,28.516927700024098,1.2820000000000618
har,5,2024-07-03 03:00:00,2024,1.2147314688413582,1.0850000000000688,low,False,29970.4,28.516927700024098,1.499999999999909
har,5,2024-07-05 07:15:00,2024,1.490027598738625,2.0514285714286222,low,False,33679.9,28.516927700024098,1.4239999999999782
har,5,2024-07-09 09:15:00,2024,1.7413196743952997,1.8557142857142221,low,False,31958.9,28.516927700024098,2.34399999999996
har,5,2024-07-11 11:15:00,2024,1.9508227537524088,2.32071428571427,low,False,40661.0,28.516927700024098,2.2920000000000074
har,5,2024-07-15 13:15:00,2024,1.865132798096485,2.284285714285683,low,False,32530.1,28.516927700024098,3.094000000000051
har,5,2024-07-17 15:15:00,2024,3.638170549686899,3.472142857142931,low,False,32584.4,28.516927700024098,5.041999999999826
har,5,2024-07-19 17:15:00,2024,4.69673266382258,4.817857142857195,low,False,32145.5,28.516927700024098,5.345999999999822
har,5,2024-07-23 19:15:00,2024,2.5275727742714755,3.2707142857143157,low,False,56213.5,28.516927700024098,2.992000000000098
har,5,2024-07-25 21:15:00,2024,3.17978185069287,4.450714285714314,low,False,51079.8,28.516927700024098,2.857999999999902
har,5,2024-07-29 23:15:00,2024,1.7467813676987944,2.7164285714285534,low,False,44020.7,28.516927700024098,1.7099999999999453
har,5,2024-08-01 02:15:00,2024,2.2173730754792143,3.456428571428595,low,False,31120.5,28.516927700024098,1.8260000000000218
har,5,2024-08-05 04:15:00,2024,4.92675631883788,7.363571428571406,low,False,142025.2,28.516927700024098,6.538000000000011
har,5,2024-08-07 06:15:00,2024,2.5596577930285553,4.117857142857149,low,False,27306.7,28.516927700024098,2.9960000000000035
har,5,2024-08-09 08:15:00,2024,1.923300942202492,2.3285714285714545,low,False,40994.1,28.516927700024098,3.0399999999999636
har,5,2024-08-13 10:15:00,2024,2.491910122604621,2.9035714285713703,low,False,34007.4,28.516927700024098,2.563999999999942
har,5,2024-08-15 12:15:00,2024,1.936177424262204,2.2764285714286285,low,False,26492.2,28.516927700024098,1.8
har,5,2024-08-19 14:15:00,2024,2.530689393675252,3.0028571428572377,low,False,21574.3,28.516927700024098,3.507999999999993
har,5,2024-08-21 16:15:00,2024,3.46388384911479,3.0371428571429533,low,False,24600.9,28.516927700024098,8.578000000000065
har,5,2024-08-23 18:15:00,2024,4.97970027987119,6.492857142857149,low,False,18914.9,28.516927700024098,5.3
har,5,2024-08-27 20:15:00,2024,2.6316459375717622,3.458571428571434,low,False,16104.0,28.516927700024098,2.7419999999999165
har,5,2024-08-29 22:15:00,2024,2.0755563316366024,2.833571428571434,low,False,25449.5,28.516927700024098,1.4079999999999928
har,5,2024-09-03 03:45:00,2024,1.295834889564258,1.217142857142822,low,False,20569.4,28.516927700024098,3.424000000000069
har,5,2024-09-05 05:45:00,2024,1.480399355602884,1.7564285714286143,low,False,25819.8,28.516927700024098,1.3739999999999781
har,5,2024-09-09 07:45:00,2024,1.334250605389639,1.4957142857143222,low,False,20984.4,28.516927700024098,3.3719999999998436
har,5,2024-09-11 09:45:00,2024,1.8357875297895496,2.028571428571435,low,False,18036.7,28.516927700024098,3.2580000000000835
har,5,2024-09-13 11:45:00,2024,2.5729841490715266,3.2828571428570803,low,False,19500.5,28.516927700024098,3.3400000000000545
har,5,2024-09-17 13:45:00,2024,2.3025770515053394,3.1164285714286115,low,False,23183.0,28.516927700024098,3.05
har,5,2024-09-19 15:45:00,2024,3.9592012875844205,3.747142857142925,low,False,31911.9,28.516927700024098,6.684000000000014
har,5,2024-09-23 17:45:00,2024,4.199409063808067,4.230000000000018,low,False,68036.3,28.516927700024098,3.185999999999967
har,5,2024-09-25 19:45:00,2024,3.163051537037601,4.40928571428578,low,False,52229.2,28.516927700024098,3.0579999999999927
har,5,2024-09-27 21:45:00,2024,2.8765092392453773,4.090714285714349,low,False,134400.9,28.516927700024098,2.155999999999949
har,5,2024-10-01 23:45:00,2024,2.050815374255612,3.4428571428571297,low,False,63981.1,28.516927700024098,1.1919999999999162
har,5,2024-10-04 02:45:00,2024,1.1315172285608464,1.1357142857142273,low,False,58633.1,28.516927700024098,1.44399999999996
har,5,2024-10-08 04:45:00,2024,2.311240567640022,2.9714285714285325,low,False,44633.9,28.516927700024098,5.276000000000022
har,5,2024-10-10 06:45:00,2024,1.6533240716793531,2.405000000000005,low,False,28531.4,28.516927700024098,1.5359999999999672
har,5,2024-10-14 08:45:00,2024,1.7876081899915088,2.2864285714286194,low,False,31763.9,28.516927700024098,3.8719999999999346
har,5,2024-10-16 10:45:00,2024,2.470648881744829,2.9600000000000364,low,False,34661.7,28.516927700024098,2.3179999999999383
har,5,2024-10-18 12:45:00,2024,2.243233263411151,2.976428571428609,low,False,53409.7,28.516927700024098,2.7380000000001017
har,5,2024-10-22 14:45:00,2024,2.363444334184699,2.910000000000082,low,False,30744.5,28.516927700024098,3.6059999999999492
har,5,2024-10-24 16:45:00,2024,3.8138599917382927,3.6228571428571286,low,False,33057.6,28.516927700024098,5.770000000000164
har,5,2024-10-28 17:45:00,2024,3.56167626195153,3.4414285714285597,low,False,34286.3,28.516927700024098,2.288000000000011
har,5,2024-10-30 19:45:00,2024,2.713790179149565,3.6657142857143623,low,False,26477.7,28.516927700024098,1.5780000000000656
har,5,2024-11-01 21:45:00,2024,2.3056288681159858,3.061428571428548,low,False,18274.5,28.516927700024098,3.2460000000000035
har,5,2024-11-06 01:45:00,2024,1.4077585951960652,1.704285714285756,low,False,26196.8,28.516927700024098,4.985999999999967
har,5,2024-11-08 03:45:00,2024,2.208175934170692,2.833571428571401,low,False,34053.4,28.516927700024098,3.4320000000001527
har,5,2024-11-12 05:45:00,2024,2.079095413137225,2.9442857142856673,low,False,24634.4,28.516927700024098,2.1919999999999162
har,5,2024-11-14 07:45:00,2024,2.032944860945696,3.057857142857139,low,False,33058.6,28.516927700024098,3.8460000000000036
har,5,2024-11-18 09:45:00,2024,2.387926728308768,2.9078571428572104,low,False,16894.0,28.516927700024098,3.4460000000000037
har,5,2024-11-20 11:45:00,2024,2.4392904070667836,3.1242857142856986,low,False,18592.0,28.516927700024098,2.6919999999999162
har,5,2024-11-22 13:45:00,2024,3.2268111747113664,4.800714285714354,low,False,20558.4,28.516927700024098,4.394000000000051
har,5,2024-11-26 15:45:00,2024,4.78265251929621,4.772142857142788,low,False,20759.3,28.516927700024098,6.6460000000000035
har,5,2024-11-28 17:45:00,2024,3.2088186148722833,2.8307142857142935,low,False,17029.4,28.516927700024098,2.2
har,5,2024-12-03 01:30:00,2024,1.9372815575168822,2.6049999999999858,low,False,23871.0,28.516927700024098,1.8960000000000037
har,5,2024-12-05 03:30:00,2024,1.6137562377333934,1.772857142857187,low,False,20650.5,28.516927700024098,2.510000000000036
har,5,2024-12-09 05:30:00,2024,3.098621800938965,5.007142857142786,low,False,16614.9,28.516927700024098,3.4359999999998765
har,5,2024-12-11 07:30:00,2024,3.0410606844506676,5.31285714285715,low,False,25377.0,28.516927700024098,6.161999999999898
har,5,2024-12-13 09:30:00,2024,2.4237860680061867,2.996428571428591,low,False,27369.3,28.516927700024098,3.6159999999998944
har,5,2024-12-17 11:30:00,2024,2.9954823863025286,4.157142857142811,low,False,24831.9,28.516927700024098,2.8220000000000254
har,5,2024-12-19 13:30:00,2024,2.707874904702837,3.749285714285764,low,False,20249.5,28.516927700024098,3.7139999999997597
har,5,2024-12-23 15:30:00,2024,3.352155444219871,3.113571428571374,low,False,15232.0,28.516927700024098,2.6340000000001056
har,5,2024-12-26 20:45:00,2024,2.207473924416888,2.7778571428572314,low,False,16999.7,28.516927700024098,1.7879999999999199
har,5,2024-12-30 22:45:00,2024,1.7356881211270472,2.240000000000074,low,False,16396.4,28.516927700024098,
lgbm,0,2022-01-03 01:00:00,2022,1.8866768451250036,1.802857142857111,low,False,3267689.0,251.79880579997553,1.2679999999999836
lgbm,0,2022-01-05 03:00:00,2022,1.099024982136736,0.8850000000000234,low,False,2894170.1,251.79880579997553,1.0980000000000474
lgbm,0,2022-01-07 05:00:00,2022,1.2906069105801585,1.193571428571415,low,False,3905874.5,251.79880579997553,0.8960000000000037
lgbm,0,2022-01-11 07:00:00,2022,1.1158863054630876,1.0121428571428623,low,False,3251328.2,251.79880579997553,1.2179999999999835
lgbm,0,2022-01-13 09:00:00,2022,1.340278759131299,1.2528571428571564,low,False,3048218.9,251.79880579997553,1.954000000000042
lgbm,0,2022-01-17 11:00:00,2022,1.1594481868194215,1.064285714285737,low,False,3276110.4,251.79880579997553,0.8960000000000491
lgbm,0,2022-01-19 15:30:00,2022,2.829545548051954,1.940714285714242,low,False,3385681.3,251.79880579997553,2.5420000000000527
lgbm,0,2022-01-21 17:30:00,2022,2.228958015063597,3.0892857142857144,low,False,3829057.7,251.79880579997553,2.882000000000062
lgbm,0,2022-01-25 19:30:00,2022,1.5615926690369697,3.690000000000022,low,False,3457092.7,251.79880579997553,1.888000000000011
lgbm,0,2022-01-27 21:30:00,2022,1.698429312257912,2.494999999999988,low,False,2904235.2,251.79880579997553,1.62199999999998
lgbm,0,2022-01-31 23:30:00,2022,1.335534895990477,1.553571428571461,low,False,4085355.3,251.79880579997553,0.7260000000000673
lgbm,0,2022-02-03 02:30:00,2022,1.1426992955549016,0.9842857142857449,low,False,3284182.3,251.79880579997553,1.0679999999999836
lgbm,0,2022-02-07 04:30:00,2022,1.432936429688962,1.7264285714285441,low,False,3535192.5,251.79880579997553,1.0880000000001018
lgbm,0,2022-02-09 06:30:00,2022,0.7319656380875599,0.9457142857142864,low,False,3259709.1,251.79880579997553,0.8779999999999746
lgbm,0,2022-02-11 08:30:00,2022,1.641476614520953,1.2150000000000318,low,False,3995916.0,251.79880579997553,1.9099999999999908
lgbm,0,2022-02-15 10:30:00,2022,3.069506592212375,2.5849999999999875,low,False,3420590.8,251.79880579997553,5.309999999999945
lgbm,0,2022-02-17 12:30:00,2022,2.891202350936559,4.0778571428571535,low,False,3088908.9,251.79880579997553,1.4540000000000872
lgbm,0,2022-02-21 14:30:00,2022,3.315878318296056,2.0078571428571195,low,False,3359597.5,251.79880579997553,2.8739999999999783
lgbm,0,2022-02-23 19:00:00,2022,1.9130651734957669,2.6307142857142805,low,False,3205824.0,251.79880579997553,1.7019999999999982
lgbm,0,2022-02-25 21:00:00,2022,2.7521621011151005,2.7678571428572076,low,False,2972951.6,251.79880579997553,1.8820000000000618
lgbm,0,2022-03-01 23:00:00,2022,2.5693008696468813,3.6957142857143026,low,False,3062812.5,251.79880579997553,2.6920000000000526
lgbm,0,2022-03-04 02:00:00,2022,2.503549348183747,2.202857142857153,low,False,3284967.8,251.79880579997553,6.067999999999984
lgbm,0,2022-03-08 04:00:00,2022,3.49584890706805,3.5321428571428606,low,False,3288772.5,251.79880579997553,2.30600000000004
lgbm,0,2022-03-10 06:00:00,2022,2.692186445985926,4.047857142857132,low,False,3898492.1,251.79880579997553,1.9519999999999982
lgbm,0,2022-03-14 07:00:00,2022,2.865071574987846,2.0199999999999654,low,False,3471678.8,251.79880579997553,2.4320000000000164
lgbm,0,2022-03-16 09:00:00,2022,3.2490583385840717,2.1049999999999858,low,False,3073749.9,251.79880579997553,3.6559999999999944
lgbm,0,2022-03-18 11:00:00,2022,3.288629044907468,2.7021428571428845,low,False,3369686.2,251.79880579997553,2.619999999999982
lgbm,0,2022-03-22 13:00:00,2022,3.073521049753646,3.0100000000000233,low,False,3397577.7,251.79880579997553,2.6340000000000146
lgbm,0,2022-03-24 15:00:00,2022,4.81526078445581,4.169999999999992,low,False,2849810.4,251.79880579997553,5.913999999999942
lgbm,0,2022-03-28 18:00:00,2022,3.3051677210277868,5.694285714285684,low,False,2836589.8,251.79880579997553,2.1500000000000457
lgbm,0,2022-03-30 20:00:00,2022,2.2789384857082156,3.110714285714315,low,False,2662964.2,251.79880579997553,2.0040000000000417
lgbm,0,2022-04-01 22:00:00,2022,2.1226207226042244,2.4971428571428436,low,False,3141788.4,251.79880579997553,2.101999999999953
lgbm,0,2022-04-06 01:00:00,2022,2.1199324790160317,2.0278571428571177,low,False,3326983.4,251.79880579997553,1.1119999999999437
lgbm,0,2022-04-08 03:00:00,2022,1.6542325882686264,1.5592857142856928,low,False,2973052.0,251.79880579997553,2.131999999999971
lgbm,0,2022-04-12 05:00:00,2022,2.0827774463950415,1.8614285714286,low,False,3431475.9,251.79880579997553,1.4880000000000109
lgbm,0,2022-04-14 07:00:00,2022,1.5097887806508352,1.7242857142857215,low,False,3631109.3,251.79880579997553,1.7519999999999982
lgbm,0,2022-04-19 09:00:00,2022,1.9551407050659757,1.5828571428571325,low,False,3344936.6,251.79880579997553,2.44399999999996
lgbm,0,2022-04-21 11:00:00,2022,2.291674544130719,2.0578571428571713,low,False,3576643.1,251.79880579997553,3.054000000000042
lgbm,0,2022-04-25 13:00:00,2022,4.010836557848529,3.255714285714313,low,False,3953507.7,251.79880579997553,4.195999999999958
lgbm,0,2022-04-27 15:00:00,2022,4.159899828551187,3.158571428571414,low,False,3311076.8,251.79880579997553,5.164000000000078
lgbm,0,2022-04-29 17:00:00,2022,3.418964477547535,4.258571428571437,low,False,3323557.6,251.79880579997553,4.9200000000000275
lgbm,0,2022-05-03 19:00:00,2022,2.5370968121963497,3.890000000000035,low,False,3181854.3,251.79880579997553,2.7639999999999416
lgbm,0,2022-05-05 21:00:00,2022,2.668473601743337,4.018571428571428,low,False,3582051.0,251.79880579997553,2.1899999999999635
lgbm,0,2022-05-09 23:00:00,2022,1.7788339574001732,2.547142857142863,low,False,3418367.5,251.79880579997553,1.37800000000002
lgbm,0,2022-05-12 02:00:00,2022,1.4872900691622382,1.2757142857142623,low,False,3283678.4,251.79880579997553,1.8899999999999637
lgbm,0,2022-05-16 04:00:00,2022,1.8890877766024021,2.176428571428541,low,False,2871274.8,251.79880579997553,2.2739999999999783
lgbm,0,2022-05-18 06:00:00,2022,2.210064362986064,1.9471428571428728,low,False,3621409.2,251.79880579997553,1.5359999999999672
lgbm,0,2022-05-20 08:00:00,2022,1.988670793711427,1.2842857142857156,low,False,3839073.2,251.79880579997553,2.4600000000000364
lgbm,0,2022-05-24 10:00:00,2022,2.183503573711276,1.617857142857117,low,False,4012505.9,251.79880579997553,2.4140000000000326
lgbm,0,2022-05-26 12:00:00,2022,2.084673835453603,2.1178571428571007,low,False,3588266.9,251.79880579997553,2.0700000000000274
lgbm,0,2022-05-30 14:00:00,2022,2.4721049570859437,1.707142857142831,low,False,4082158.0,251.79880579997553,1.3100000000000365
lgbm,0,2022-06-01 18:30:00,2022,2.130612887860967,3.6850000000000267,low,False,4621773.1,251.79880579997553,2.831999999999971
lgbm,0,2022-06-03 20:30:00,2022,1.9524052899549462,2.6942857142856838,low,False,3561241.6,251.79880579997553,1.2419999999999618
lgbm,0,2022-06-07 22:30:00,2022,1.3862420511020532,1.759285714285706,low,False,3908312.3,251.79880579997553,1.1259999999999308
lgbm,0,2022-06-10 01:30:00,2022,1.0191348042771902,0.9435714285714474,low,False,3519757.7,251.79880579997553,0.6920000000000073
lgbm,0,2022-06-14 03:30:00,2022,2.1446875715347145,2.7685714285714442,low,False,4084741.8,251.79880579997553,1.6140000000000783
lgbm,0,2022-06-16 05:30:00,2022,2.079283924928666,1.892142857142874,low,False,3962630.3,251.79880579997553,1.496000000000049
lgbm,0,2022-06-20 07:30:00,2022,1.4878314028507131,2.606428571428588,low,False,3971199.1,251.79880579997553,1.4039999999999964
lgbm,0,2022-06-22 12:00:00,2022,2.347442232859885,2.51071428571426,low,False,3826085.2,251.79880579997553,2.2460000000000035
lgbm,0,2022-06-24 14:00:00,2022,2.800849884646973,2.3614285714285677,low,False,3806345.5,251.79880579997553,2.8539999999999965
lgbm,0,2022-06-28 16:00:00,2022,3.468137882934524,2.392142857142809,low,False,4414034.3,251.79880579997553,3.336000000000058
lgbm,0,2022-06-30 18:00:00,2022,3.0655381200051672,5.6635714285714585,low,False,3868071.3,251.79880579997553,3.2739999999999325
lgbm,1,2022-07-01 01:00:00,2022,1.7706802935935573,1.6364285714285611,low,False,4337932.6,26573.4227466,1.1960000000000037
lgbm,1,2022-07-05 05:30:00,2022,1.3437029357561259,1.47357142857142,low,False,3839210.4,26573.4227466,1.1639999999999417
lgbm,1,2022-07-07 07:30:00,2022,1.5152325269123559,1.9250000000000196,low,False,3945490.9,26573.4227466,1.9420000000000073
lgbm,1,2022-07-11 09:30:00,2022,1.9487683676171175,1.1521428571428487,low,False,4386296.2,26573.4227466,2.1899999999999635
lgbm,1,2022-07-13 11:30:00,2022,1.9977311527193362,2.0707142857143026,low,False,4322967.0,26573.4227466,1.9880000000000109
lgbm,1,2022-07-15 13:30:00,2022,2.7698484060887414,1.8435714285714084,low,False,4203228.9,26573.4227466,2.3780000000000654
lgbm,1,2022-07-19 15:30:00,2022,3.6930945218334372,2.2235714285714363,low,False,2841672.9,26573.4227466,2.7819999999999254
lgbm,1,2022-07-21 17:30:00,2022,4.122844237900818,6.190000000000006,low,False,1748526.8,26573.4227466,4.501999999999998
lgbm,1,2022-07-25 19:30:00,2022,1.6159488077645534,2.4071428571428766,low,False,4632255.0,26573.4227466,1.7859999999999219
lgbm,1,2022-07-27 21:30:00,2022,4.727949772409017,3.218571428571425,low,False,5460204.2,26573.4227466,5.033999999999923
lgbm,1,2022-07-29 23:30:00,2022,1.4894398991084743,1.7535714285714417,low,False,5516426.1,26573.4227466,1.0380000000000564
lgbm,1,2022-08-03 02:30:00,2022,2.108688871083899,2.1242857142856986,low,False,5008196.9,26573.4227466,2.183999999999969
lgbm,1,2022-08-05 04:30:00,2022,1.5434336334877659,1.3900000000000026,low,False,4846387.2,26573.4227466,1.4859999999999673
lgbm,1,2022-08-09 06:30:00,2022,1.0827091927384431,1.3100000000000267,low,False,3203755.9,26573.4227466,0.8240000000000236
lgbm,1,2022-08-11 08:30:00,2022,1.7568419691005617,1.404999999999989,low,False,1833551.3,26573.4227466,2.0659999999999856
lgbm,1,2022-08-15 10:30:00,2022,1.7411144526852358,1.3057142857142512,low,False,1564863.4,26573.4227466,2.34399999999996
lgbm,1,2022-08-17 12:30:00,2022,1.7463979142178347,1.7371428571428527,low,False,1606356.8,26573.4227466,1.8300000000000183
lgbm,1,2022-08-19 14:30:00,2022,3.075414462581873,1.8521428571428291,low,False,1771391.3,26573.4227466,3.101999999999998
lgbm,1,2022-08-23 16:30:00,2022,3.9436467359894922,2.5357142857142856,low,False,1613468.4,26573.4227466,5.57199999999998
lgbm,1,2022-08-25 18:30:00,2022,1.7007051027432565,2.715714285714268,low,False,1580041.5,26573.4227466,1.3600000000000363
lgbm,1,2022-08-29 20:30:00,2022,1.450953378318443,1.9764285714285765,low,False,1558691.2,26573.4227466,1.2919999999999618
lgbm,1,2022-08-31 22:30:00,2022,1.2992433759326267,1.6399999999999701,low,False,1588447.2,26573.4227466,0.9140000000000328
lgbm,1,2022-09-05 01:30:00,2022,1.5848723309267485,1.6049999999999696,low,False,1600498.6,26573.4227466,0.9540000000000418
lgbm,1,2022-09-07 06:00:00,2022,1.4144180083301368,2.5171428571428742,low,False,1616788.1,26573.4227466,1.4380000000000108
lgbm,1,2022-09-09 08:00:00,2022,1.6726546273169585,1.3835714285714857,low,False,1605226.1,26573.4227466,1.6639999999999873
lgbm,1,2022-09-13 10:00:00,2022,1.8999608969398387,1.5364285714285384,low,False,1629526.4,26573.4227466,1.7359999999999218
lgbm,1,2022-09-15 12:00:00,2022,1.9447760548730277,1.9407142857142585,low,False,1612415.3,26573.4227466,1.82199999999998
lgbm,1,2022-09-19 14:00:00,2022,2.761811449916762,2.4492857142857116,low,False,1584767.1,26573.4227466,3.0420000000000074
lgbm,1,2022-09-21 16:00:00,2022,3.3399591675966764,2.0149999999999864,low,False,1545707.8,26573.4227466,2.3480000000000016
lgbm,1,2022-09-23 18:00:00,2022,2.8232382114724763,4.550000000000003,low,False,1553351.6,26573.4227466,2.4100000000000366
lgbm,1,2022-09-27 20:00:00,2022,2.684859104346811,3.5792857142857235,low,False,1592810.8,26573.4227466,1.6880000000000563
lgbm,1,2022-09-29 22:00:00,2022,1.6606784486031045,2.318571428571431,low,False,1566213.9,26573.4227466,1.4200000000000272
lgbm,1,2022-10-04 01:00:00,2022,1.790199081858947,2.0792857142856747,low,False,1518891.6,26573.4227466,1.83799999999992
lgbm,1,2022-10-06 03:00:00,2022,1.7731517038788007,1.3428571428571072,low,False,1531858.1,26573.4227466,2.3340000000000147
lgbm,1,2022-10-10 05:00:00,2022,2.3066232081436517,2.0564285714285364,low,False,1570522.2,26573.4227466,1.9759999999999764
lgbm,1,2022-10-12 07:00:00,2022,2.350079803473282,2.3392857142857304,low,False,1533867.3,26573.4227466,1.3940000000000055
lgbm,1,2022-10-14 09:00:00,2022,2.559700669907821,1.7928571428571363,low,False,1616440.1,26573.4227466,2.739999999999964
lgbm,1,2022-10-18 11:00:00,2022,2.2676060110329566,2.1399999999999864,low,False,1618744.2,26573.4227466,3.4179999999999837
lgbm,1,2022-10-20 13:00:00,2022,3.431709919977583,2.6014285714285927,low,False,1576243.2,26573.4227466,2.7259999999999764
lgbm,1,2022-10-24 15:00:00,2022,3.689836062814904,2.5614285714285807,low,False,1561540.6,26573.4227466,2.831999999999971
lgbm,1,2022-10-26 17:00:00,2022,3.380002354607422,3.102857142857179,low,False,1584997.8,26573.4227466,3.668000000000029
lgbm,1,2022-10-28 19:00:00,2022,2.178444025339769,3.63571428571426,low,False,1515452.4,26573.4227466,1.6319999999999708
lgbm,1,2022-11-01 20:00:00,2022,1.8466666734440778,2.460000000000004,low,False,1581298.6,26573.4227466,1.9040000000000419
lgbm,1,2022-11-03 22:00:00,2022,1.2541620612167215,1.3764285714285702,low,False,1595624.4,26573.4227466,0.9440000000000055
lgbm,1,2022-11-08 02:00:00,2022,1.388663390177122,0.9764285714285766,low,False,1621750.7,26573.4227466,1.7059999999999946
lgbm,1,2022-11-10 04:00:00,2022,1.8403282848763531,1.7092857142857025,low,False,1637470.1,26573.4227466,1.8159999999999854
lgbm,1,2022-11-14 06:00:00,2022,1.892028880241528,2.2257142857142918,low,False,1587839.9,26573.4227466,1.75
lgbm,1,2022-11-16 08:00:00,2022,2.5585537086252126,1.9021428571428811,low,False,1529707.7,26573.4227466,2.2920000000000527
lgbm,1,2022-11-18 10:00:00,2022,2.13941311658164,1.70714285714288,low,False,1587145.5,26573.4227466,2.37800000000002
lgbm,1,2022-11-22 12:00:00,2022,2.0102300062026788,2.051428571428606,low,False,1630953.9,26573.4227466,1.583999999999969
lgbm,1,2022-11-24 14:00:00,2022,2.4219217351878544,1.609999999999965,low,False,1538298.5,26573.4227466,1.2179999999999835
lgbm,1,2022-11-28 21:45:00,2022,1.2542760136099218,1.6764285714285572,low,False,1643440.6,26573.4227466,1.4340000000000146
lgbm,1,2022-11-30 23:45:00,2022,1.4114208724078234,3.657857142857129,low,False,1543737.5,26573.4227466,2.1239999999999783
lgbm,1,2022-12-05 02:45:00,2022,1.603383547235517,1.512142857142911,low,False,1575016.7,26573.4227466,2.95600000000004
lgbm,1,2022-12-07 04:45:00,2022,1.6343696985153913,1.6350000000000233,low,False,1541284.1,26573.4227466,1.4
lgbm,1,2022-12-09 06:45:00,2022,1.3277205452982537,1.4635714285714292,low,False,1534053.2,26573.4227466,1.7239999999999782
lgbm,1,2022-12-13 08:45:00,2022,1.5291388132291202,1.2321428571428572,low,False,1530857.4,26573.4227466,2.0679999999999836
lgbm,1,2022-12-15 10:45:00,2022,3.252825980944547,3.5200000000000142,low,False,1540298.2,26573.4227466,2.84399999999996
lgbm,1,2022-12-19 12:45:00,2022,1.8925111540453252,1.7392857142856915,low,False,1629181.0,26573.4227466,1.4639999999999873
lgbm,1,2022-12-21 14:45:00,2022,2.478998663451861,1.4921428571428967,low,False,1977254.9,26573.4227466,2.1279999999999744
lgbm,1,2022-12-23 16:45:00,2022,3.920836992924537,2.47071428571428,low,False,1753241.0,26573.4227466,2.8600000000000363
lgbm,1,2022-12-28 18:45:00,2022,2.240876227217316,3.158571428571398,low,False,1846462.9,26573.4227466,2.083999999999969
lgbm,1,2022-12-30 20:45:00,2022,1.73311380868284,2.6492857142857082,low,False,2100312.4,26573.4227466,1.5359999999999672
lgbm,2,2023-01-03 01:00:00,2023,1.8129486520040994,1.5878571428571442,low,False,2273088.7,100.85939140000846,2.77199999999998
lgbm,2,2023-01-05 03:00:00,2023,1.6126115714147407,1.6992857142857116,low,False,2415919.2,100.85939140000846,2.4320000000000164
lgbm,2,2023-01-09 05:00:00,2023,1.8544230363898495,2.2592857142856895,low,False,2781091.8,100.85939140000846,1.031999999999971
lgbm,2,2023-01-11 07:00:00,2023,1.5882101537774609,1.454285714285756,low,False,3701860.8,100.85939140000846,2.359999999999991
lgbm,2,2023-01-13 09:00:00,2023,2.1964213246253026,1.4907142857142779,low,False,3243645.0,100.85939140000846,3.5519999999999983
lgbm,2,2023-01-17 13:30:00,2023,2.8818158346701304,1.8507142857143404,low,False,2414677.1,100.85939140000846,2.8300000000000183
lgbm,2,2023-01-19 15:30:00,2023,3.98362593092315,2.650000000000042,low,False,2468931.9,100.85939140000846,3.624000000000069
lgbm,2,2023-01-23 17:30:00,2023,2.858897253270679,4.1399999999999535,low,False,2304562.2,100.85939140000846,2.9119999999999435
lgbm,2,2023-01-25 19:30:00,2023,2.2292940652584385,3.6342857142857548,low,False,3025518.9,100.85939140000846,2.498000000000002
lgbm,2,2023-01-27 21:30:00,2023,1.2524976714303242,2.212857142857128,low,False,1893141.8,100.85939140000846,1.489999999999918
lgbm,2,2023-01-31 23:30:00,2023,1.0497060210259812,1.2807142857143066,low,False,2248904.1,100.85939140000846,0.9119999999999436
lgbm,2,2023-02-03 02:30:00,2023,1.6727008425333505,1.6078571428571422,low,False,2269610.0,100.85939140000846,1.5040000000000417
lgbm,2,2023-02-07 04:30:00,2023,1.798335582059815,1.5035714285714417,low,False,2227354.2,100.85939140000846,1.6599999999999455
lgbm,2,2023-02-09 06:30:00,2023,1.3561875507211283,1.3192857142857162,low,False,2194899.3,100.85939140000846,1.323999999999978
lgbm,2,2023-02-13 08:30:00,2023,2.1864607211533786,1.673571428571417,low,False,2376027.9,100.85939140000846,2.168000000000029
lgbm,2,2023-02-15 10:30:00,2023,3.202251211793767,2.8650000000000415,low,False,2443903.2,100.85939140000846,2.93400000000006
lgbm,2,2023-02-17 12:30:00,2023,2.435832641652835,3.1407142857142225,low,False,2460471.5,100.85939140000846,1.816000000000031
lgbm,2,2023-02-21 17:00:00,2023,2.781391460349996,2.9978571428571934,low,False,2391681.1,100.85939140000846,3.5659999999999856
lgbm,2,2023-02-23 19:00:00,2023,2.1828504679974343,4.150714285714263,low,False,2258154.8,100.85939140000846,1.9019999999999526
lgbm,2,2023-02-27 21:00:00,2023,1.257907483541872,1.7571428571428507,low,False,2183232.6,100.85939140000846,1.2920000000000527
lgbm,2,2023-03-01 23:00:00,2023,0.9983868948730401,1.23571428571425,low,False,2158314.5,100.85939140000846,0.9039999999999964
lgbm,2,2023-03-06 02:00:00,2023,1.3015699654105717,1.4485714285713942,low,False,2047012.9,100.85939140000846,1.7100000000000364
lgbm,2,2023-03-08 04:00:00,2023,1.3728110624346777,1.202857142857202,low,False,1959267.2,100.85939140000846,1.190000000000009
lgbm,2,2023-03-10 06:00:00,2023,1.3953403493984695,1.707857142857165,low,False,1894580.8,100.85939140000846,1.2820000000000165
lgbm,2,2023-03-14 07:00:00,2023,1.6213556336941422,1.8000000000000032,low,False,1876743.4,100.85939140000846,4.02800000000002
lgbm,2,2023-03-16 09:00:00,2023,3.209486698120427,2.6492857142857247,low,False,1830705.4,100.85939140000846,4.335999999999967
lgbm,2,2023-03-20 11:00:00,2023,4.26385537933076,7.572142857142873,low,False,1802234.4,100.85939140000846,5.782000000000016
lgbm,2,2023-03-22 13:00:00,2023,3.428285265273421,2.734285714285664,low,False,1886525.2,100.85939140000846,2.983999999999969
lgbm,2,2023-03-24 15:00:00,2023,4.440266972523062,4.145714285714283,low,False,1800147.9,100.85939140000846,6.873999999999933
lgbm,2,2023-03-28 18:00:00,2023,3.044803456986368,3.8178571428571138,low,False,2001326.6,100.85939140000846,2.5239999999999783
lgbm,2,2023-03-30 20:00:00,2023,2.40481560247046,3.4942857142856707,low,False,1896526.2,100.85939140000846,2.1559999999999944
lgbm,2,2023-04-03 22:00:00,2023,1.6057051340354977,2.307857142857123,low,False,1771504.5,100.85939140000846,1.3639999999999872
lgbm,2,2023-04-06 01:00:00,2023,1.515842026893286,1.2764285714285637,low,False,1954436.5,100.85939140000846,0.93799999999992
lgbm,2,2023-04-11 03:00:00,2023,1.633463014405132,1.0028571428571564,low,False,1817765.5,100.85939140000846,1.7179999999999835
lgbm,2,2023-04-13 05:00:00,2023,1.896906559544704,1.8092857142857253,low,False,1880175.2,100.85939140000846,1.8700000000000272
lgbm,2,2023-04-17 07:00:00,2023,1.4617896529636367,2.253571428571393,low,False,1836940.2,100.85939140000846,1.31200000000008
lgbm,2,2023-04-19 09:00:00,2023,3.107121805147735,1.8257142857142494,low,False,1892334.8,100.85939140000846,4.3659999999999854
lgbm,2,2023-04-21 11:00:00,2023,2.8856519063221957,3.5492857142856695,low,False,1827116.8,100.85939140000846,3.1840000000000144
lgbm,2,2023-04-25 13:00:00,2023,3.0513772829804657,2.7921428571429,low,False,1886057.2,100.85939140000846,2.7419999999999165
lgbm,2,2023-04-27 15:00:00,2023,2.9372681286538707,1.887857142857115,low,False,1740756.3,100.85939140000846,8.352000000000043
lgbm,2,2023-05-01 17:00:00,2023,4.431861498132603,4.4207142857142765,low,False,1789618.7,100.85939140000846,3.944000000000051
lgbm,2,2023-05-03 19:00:00,2023,2.2146438338614653,3.962857142857128,low,False,1992770.8,100.85939140000846,2.1120000000000347
lgbm,2,2023-05-05 21:00:00,2023,1.7363173470993627,2.744285714285752,low,False,1871952.9,100.85939140000846,1.9820000000000164
lgbm,2,2023-05-09 23:00:00,2023,1.0389988353521051,1.5599999999999778,low,False,1780047.3,100.85939140000846,0.7319999999999709
lgbm,2,2023-05-12 02:00:00,2023,1.19407894457178,1.0242857142857085,low,False,1712924.7,100.85939140000846,0.8579999999999472
lgbm,2,2023-05-16 04:00:00,2023,1.3818205809317314,0.9657142857142357,low,False,1806812.0,100.85939140000846,1.5799999999999728
lgbm,2,2023-05-18 06:00:00,2023,1.1950013520517708,1.1728571428571481,low,False,1877617.4,100.85939140000846,1.2059999999999946
lgbm,2,2023-05-22 08:00:00,2023,1.90327655961058,1.6121428571428364,low,False,1534943.1,100.85939140000846,2.548000000000002
lgbm,2,2023-05-24 10:00:00,2023,2.2591561915699723,2.1149999999999927,low,False,1385619.7,100.85939140000846,2.750000000000091
lgbm,2,2023-05-26 12:00:00,2023,2.1828700213116985,2.4292857142856974,low,False,1896379.9,100.85939140000846,1.168000000000029
lgbm,2,2023-05-30 16:30:00,2023,4.089928980138194,2.8071428571428703,low,False,2031110.5,100.85939140000846,3.3820000000000165
lgbm,2,2023-06-01 18:30:00,2023,2.3079254259835262,4.599285714285737,low,False,2283160.3,100.85939140000846,2.0139999999999416
lgbm,2,2023-06-05 20:30:00,2023,1.5019950989738673,2.5128571428571638,low,False,2104626.2,100.85939140000846,1.58400000000006
lgbm,2,2023-06-07 22:30:00,2023,1.0092453026681119,1.8214285714285714,low,False,2105591.8,100.85939140000846,1.2420000000000528
lgbm,2,2023-06-12 01:30:00,2023,1.168934674873008,0.8964285714285519,low,False,2266422.1,100.85939140000846,1.1
lgbm,2,2023-06-14 03:30:00,2023,1.4444795028797113,1.1207142857142895,low,False,2217920.0,100.85939140000846,1.4419999999999618
lgbm,2,2023-06-16 05:30:00,2023,1.4240320437803098,1.5364285714285384,low,False,2452036.4,100.85939140000846,1.62199999999998
lgbm,2,2023-06-20 10:00:00,2023,1.9017810601486687,1.7342857142857124,low,False,4653786.6,100.85939140000846,2.0239999999999783
lgbm,2,2023-06-22 12:00:00,2023,1.8757856243459579,2.2257142857142753,low,False,3879806.4,100.85939140000846,1.6519999999999526
lgbm,2,2023-06-26 14:00:00,2023,2.4712487267513965,1.6242857142856661,low,False,3268582.8,100.85939140000846,1.5659999999999854
lgbm,2,2023-06-28 16:00:00,2023,3.079962469646322,1.8564285714285396,low,False,2540245.5,100.85939140000846,4.992000000000007
lgbm,2,2023-06-30 18:00:00,2023,2.2729006357972135,3.872857142857112,low,False,2076297.7,100.85939140000846,2.219999999999982
lgbm,3,2023-07-03 01:00:00,2023,1.1310093524863016,1.0421428571428513,low,False,1736608.0,87.89963329996681,0.69399999999996
lgbm,3,2023-07-05 05:30:00,2023,1.185203701287562,0.9871428571428851,low,False,1534926.3,87.89963329996681,0.8920000000000528
lgbm,3,2023-07-07 07:30:00,2023,1.0867557483088979,1.0300000000000378,low,False,1562893.9,87.89963329996681,1.0459999999999128
lgbm,3,2023-07-11 09:30:00,2023,1.9394948431868761,1.775000000000026,low,False,1542297.2,87.89963329996681,2.7619999999999436
lgbm,3,2023-07-13 11:30:00,2023,1.7849279089587762,2.0964285714285813,low,False,1541505.5,87.89963329996681,0.9639999999999873
lgbm,3,2023-07-17 13:30:00,2023,2.276310323557635,1.8778571428571564,low,False,1643100.7,87.89963329996681,1.2319999999999254
lgbm,3,2023-07-19 15:30:00,2023,3.4131095509012157,2.0000000000000324,low,False,1507961.3,87.89963329996681,2.8300000000000636
lgbm,3,2023-07-21 17:30:00,2023,2.5873774398620975,3.0942857142856934,low,False,1529095.2,87.89963329996681,3.1259999999999764
lgbm,3,2023-07-25 19:30:00,2023,1.6591728313616598,3.045000000000008,low,False,1692324.8,87.89963329996681,1.6100000000000363
lgbm,3,2023-07-27 21:30:00,2023,1.8540306297248241,2.2728571428571707,low,False,1653260.8,87.89963329996681,1.7179999999999835
lgbm,3,2023-07-31 23:30:00,2023,0.8952254389335614,1.1650000000000122,low,False,1533960.3,87.89963329996681,0.7640000000000328
lgbm,3,2023-08-03 02:30:00,2023,1.0263320553451902,0.658571428571463,low,False,1500905.9,87.89963329996681,0.9559999999999491
lgbm,3,2023-08-07 04:30:00,2023,1.2269164340136878,1.3907142857142714,low,False,1553208.2,87.89963329996681,1.4420000000000073
lgbm,3,2023-08-09 06:30:00,2023,1.02272659987008,1.3671428571428643,low,False,1587309.1,87.89963329996681,0.9639999999999418
lgbm,3,2023-08-11 08:30:00,2023,1.4162363463971055,1.1085714285714923,low,False,1479266.1,87.89963329996681,1.0920000000000527
lgbm,3,2023-08-15 10:30:00,2023,1.5624133358943417,1.3442857142856934,low,False,1748999.9,87.89963329996681,1.35
lgbm,3,2023-08-17 12:30:00,2023,1.2528389773523378,1.3342857142857025,low,False,1746390.3,87.89963329996681,1.8579999999999928
lgbm,3,2023-08-21 14:30:00,2023,2.5576944423609316,1.4321428571428865,low,False,1584287.9,87.89963329996681,2.609999999999991
lgbm,3,2023-08-23 16:30:00,2023,3.6372496839706963,2.6178571428571655,low,False,1558230.5,87.89963329996681,4.339999999999963
lgbm,3,2023-08-25 18:30:00,2023,3.0206700242733038,4.307857142857139,low,False,1708774.1,87.89963329996681,1.8059999999999945
lgbm,3,2023-08-29 20:30:00,2023,1.2897845632869283,2.313571428571468,low,False,1560884.5,87.89963329996681,1.10600000000004
lgbm,3,2023-08-31 22:30:00,2023,0.6688285547258899,0.9228571428571806,low,False,1521167.6,87.89963329996681,0.7079999999999927
lgbm,3,2023-09-05 04:00:00,2023,0.7093672435042804,0.5135714285714162,low,False,1624749.6,87.89963329996681,1.5159999999999854
lgbm,3,2023-09-07 06:00:00,2023,0.8145413479983751,0.9378571428571182,low,False,1570495.0,87.89963329996681,0.6219999999999345
lgbm,3,2023-09-11 08:00:00,2023,1.107673387598277,1.0564285714285526,low,False,1561600.1,87.89963329996681,1.351999999999998
lgbm,3,2023-09-13 10:00:00,2023,1.1909749155566922,1.2050000000000085,low,False,1448620.2,87.89963329996681,1.2239999999999782
lgbm,3,2023-09-15 12:00:00,2023,1.08409748667548,1.5535714285714772,low,False,1551098.8,87.89963329996681,0.8480000000000473
lgbm,3,2023-09-19 14:00:00,2023,1.3141160102851475,0.8507142857143241,low,False,1635479.8,87.89963329996681,1.2639999999999874
lgbm,3,2023-09-21 16:00:00,2023,2.56392407288134,2.122142857142827,low,False,1466503.8,87.89963329996681,3.6000000000000454
lgbm,3,2023-09-25 18:00:00,2023,1.995225663960754,2.484999999999997,low,False,1647934.9,87.89963329996681,1.6440000000000055
lgbm,3,2023-09-27 20:00:00,2023,1.5028367787397992,2.649999999999961,low,False,1525811.2,87.89963329996681,1.92199999999998
lgbm,3,2023-09-29 22:00:00,2023,1.2438063286944572,2.0235714285714397,low,False,1509006.4,87.89963329996681,1.3099999999999
lgbm,3,2023-10-04 01:00:00,2023,0.9843417628599103,1.2521428571428714,low,False,1420660.5,87.89963329996681,1.088000000000011
lgbm,3,2023-10-06 03:00:00,2023,0.9669011569130893,0.7778571428571662,low,False,1513472.9,87.89963329996681,1.2400000000000546
lgbm,3,2023-10-10 05:00:00,2023,1.1812039025238317,1.4421428571428774,low,False,1493101.6,87.89963329996681,1.1980000000000017
lgbm,3,2023-10-12 07:00:00,2023,0.9072762592079606,1.2878571428571408,low,False,1536804.0,87.89963329996681,1.0379999999999654
lgbm,3,2023-10-16 09:00:00,2023,2.2703774603125924,1.6149999999999929,low,False,1660089.1,87.89963329996681,2.7199999999999362
lgbm,3,2023-10-18 11:00:00,2023,2.1122102584520754,2.039285714285711,low,False,1682462.5,87.89963329996681,1.6040000000000418
lgbm,3,2023-10-20 13:00:00,2023,2.9667179663965078,2.406428571428575,low,False,1518828.9,87.89963329996681,1.682000000000062
lgbm,3,2023-10-24 15:00:00,2023,3.563049694890925,3.162142857142823,low,False,1602872.9,87.89963329996681,3.352000000000044
lgbm,3,2023-10-26 17:00:00,2023,3.3887712648526636,3.7778571428571337,low,False,1502972.1,87.89963329996681,3.9199999999999364
lgbm,3,2023-10-30 18:00:00,2023,2.2391880438815046,3.3057142857143327,low,False,1541924.7,87.89963329996681,2.181999999999971
lgbm,3,2023-11-01 20:00:00,2023,1.9407367189045723,2.9407142857143236,low,False,1587662.5,87.89963329996681,6.1159999999999854
lgbm,3,2023-11-03 22:00:00,2023,1.1401262617936971,1.5535714285714448,low,False,1598537.5,87.89963329996681,1.4480000000000017
lgbm,3,2023-11-08 02:00:00,2023,1.0638456391011848,0.7592857142857058,low,False,1589955.2,87.89963329996681,1.1940000000000055
lgbm,3,2023-11-10 04:00:00,2023,1.3390527329351076,1.1600000000000006,low,False,1531309.5,87.89963329996681,1.5700000000000727
lgbm,3,2023-11-14 06:00:00,2023,1.0260978702759647,1.2935714285714215,low,False,1563780.7,87.89963329996681,0.9019999999999981
lgbm,3,2023-11-16 08:00:00,2023,1.6259661217667083,1.2078571428571325,low,False,1605675.6,87.89963329996681,1.6740000000000237
lgbm,3,2023-11-20 10:00:00,2023,1.9006413876839008,1.8028571428571598,low,False,1532469.9,87.89963329996681,2.0700000000000274
lgbm,3,2023-11-22 12:00:00,2023,1.870562743938766,2.2464285714285745,low,False,1487570.6,87.89963329996681,1.4580000000000837
lgbm,3,2023-11-24 16:30:00,2023,3.2216218103017655,2.022142857142837,low,False,2441511.0,87.89963329996681,2.686000000000013
lgbm,3,2023-11-28 21:45:00,2023,1.17792946332838,2.05499999999995,low,False,1998336.6,87.89963329996681,1.0999999999999546
lgbm,3,2023-11-30 23:45:00,2023,0.8847511413270942,1.32000000000005,low,False,1514966.9,87.89963329996681,1.682000000000062
lgbm,3,2023-12-05 02:45:00,2023,2.8378494787261714,2.5028571428571564,low,False,1557956.8,87.89963329996681,2.8300000000000183
lgbm,3,2023-12-07 04:45:00,2023,1.7452631134783918,1.6850000000000105,low,False,1577227.8,87.89963329996681,1.5840000000000145
lgbm,3,2023-12-11 06:45:00,2023,1.6098918133708384,1.894285714285713,low,False,1525953.4,87.89963329996681,1.475999999999931
lgbm,3,2023-12-13 08:45:00,2023,1.9339582647080598,1.4699999999999949,low,False,1548008.4,87.89963329996681,2.1900000000000546
lgbm,3,2023-12-15 10:45:00,2023,2.1436383280845965,1.743571428571402,low,False,1581257.5,87.89963329996681,2.6960000000000948
lgbm,3,2023-12-19 12:45:00,2023,1.8511028043792723,1.6092857142857124,low,False,1502365.8,87.89963329996681,1.4
lgbm,3,2023-12-21 14:45:00,2023,3.0147507690729007,1.7028571428571044,low,False,1541920.9,87.89963329996681,5.689999999999964
lgbm,3,2023-12-26 16:45:00,2023,3.8569894273384224,2.187857142857086,low,False,1568780.0,87.89963329996681,2.2059999999998583
lgbm,3,2023-12-28 18:45:00,2023,2.103537356249232,3.3164285714285273,low,False,1625945.3,87.89963329996681,2.581999999999971
lgbm,4,2024-01-02 01:00:00,2024,1.764785872262607,1.796428571428578,low,False,1655708.9,82.494885000051,1.6179999999999382
lgbm,4,2024-01-04 03:00:00,2024,1.474571206323458,1.2221428571428987,low,False,1536332.7,82.494885000051,1.8779999999999746
lgbm,4,2024-01-08 05:00:00,2024,1.9386743334885657,1.644285714285713,low,False,1848033.9,82.494885000051,2.7
lgbm,4,2024-01-10 07:00:00,2024,1.5131695472682887,1.6757142857142884,low,False,1564009.1,82.494885000051,2.4139999999999873
lgbm,4,2024-01-12 09:00:00,2024,2.3348548917512235,1.4350000000000267,low,False,1531386.4,82.494885000051,2.788000000000056
lgbm,4,2024-01-16 13:15:00,2024,2.898292371323905,2.681428571428569,low,False,1538268.8,82.494885000051,2.933999999999969
lgbm,4,2024-01-18 15:15:00,2024,3.7478792888362857,2.182142857142838,low,False,1489278.8,82.494885000051,3.951999999999998
lgbm,4,2024-01-22 17:15:00,2024,2.89251274105035,3.537142857142872,low,False,1551074.5,82.494885000051,2.4700000000000726
lgbm,4,2024-01-24 19:15:00,2024,2.0593472546908544,4.129285714285694,low,False,1510246.4,82.494885000051,2.798000000000002
lgbm,4,2024-01-26 21:15:00,2024,1.0800250581501332,1.6807142857143162,low,False,1569988.7,82.494885000051,1.3239999999999328
lgbm,4,2024-01-30 23:15:00,2024,0.9238523623830425,1.3657142857142617,low,False,1513065.9,82.494885000051,0.838000000000011
lgbm,4,2024-02-02 02:15:00,2024,1.3906761133100949,1.2728571428572195,low,False,1620541.7,82.494885000051,1.6780000000000654
lgbm,4,2024-02-06 04:15:00,2024,1.451317723944042,1.2471428571428598,low,False,1529204.3,82.494885000051,1.3120000000000345
lgbm,4,2024-02-08 06:15:00,2024,1.1195925087182392,1.321428571428539,low,False,1533304.7,82.494885000051,1.2260000000000217
lgbm,4,2024-02-12 08:15:00,2024,1.5161896495359382,0.8621428571428851,low,False,1675220.3,82.494885000051,1.3459999999999126
lgbm,4,2024-02-14 10:15:00,2024,2.3549172521523856,1.5557142857142838,low,False,1580742.5,82.494885000051,2.1039999999999965
lgbm,4,2024-02-16 12:15:00,2024,1.3949146954930838,1.3271428571428845,low,False,1533316.4,82.494885000051,1.2960000000000036
lgbm,4,2024-02-20 16:45:00,2024,3.506881487090828,2.0649999999999573,low,False,1533662.4,82.494885000051,2.659999999999991
lgbm,4,2024-02-22 18:45:00,2024,1.6876709774733547,2.9314285714286012,low,False,1571572.6,82.494885000051,2.1100000000000363
lgbm,4,2024-02-26 20:45:00,2024,1.311649285615976,1.9635714285714454,low,False,1520295.2,82.494885000051,1.4800000000000182
lgbm,4,2024-02-28 22:45:00,2024,0.9154270486918429,1.2828571428571618,low,False,1525314.1,82.494885000051,1.2420000000000073
lgbm,4,2024-03-04 01:45:00,2024,1.6898846204929359,1.5828571428572624,low,False,1556076.7,82.494885000051,1.5719999999999346
lgbm,4,2024-03-06 03:45:00,2024,1.5256642260112536,1.3521428571428455,low,False,1596553.3,82.494885000051,1.5020000000001346
lgbm,4,2024-03-08 05:45:00,2024,1.4690197204023379,1.7899999999999636,low,False,1537830.6,82.494885000051,1.5919999999999164
lgbm,4,2024-03-12 06:45:00,2024,1.4236811841758032,1.5214285714285845,low,False,1522608.9,82.494885000051,2.1579999999999018
lgbm,4,2024-03-14 08:45:00,2024,1.9045270686387474,1.328571428571422,low,False,1709100.6,82.494885000051,1.2139999999998508
lgbm,4,2024-03-18 10:45:00,2024,2.091129537724443,1.8164285714284947,low,False,1552768.6,82.494885000051,1.8019999999999528
lgbm,4,2024-03-20 12:45:00,2024,1.411789662940188,1.6364285714285285,low,False,1695900.5,82.494885000051,1.7359999999998763
lgbm,4,2024-03-22 14:45:00,2024,3.9721189380057575,2.4342857142856764,low,False,1583776.4,82.494885000051,3.8159999999999856
lgbm,4,2024-03-26 16:45:00,2024,4.711722601741142,4.617857142857117,low,False,1495262.1,82.494885000051,4.1039999999999965
lgbm,4,2024-03-28 18:45:00,2024,2.9362807809400464,4.695000000000034,low,False,1592937.9,82.494885000051,2.6100000000001273
lgbm,4,2024-04-02 21:45:00,2024,2.8066830102373888,3.985714285714331,low,False,1518570.3,82.494885000051,3.0720000000000254
lgbm,4,2024-04-04 23:45:00,2024,2.480458335927706,5.384285714285819,low,False,1574323.4,82.494885000051,1.9339999999999236
lgbm,4,2024-04-09 02:45:00,2024,1.934302305586075,1.602142857142878,low,False,1639489.8,82.494885000051,3.4159999999999853
lgbm,4,2024-04-11 04:45:00,2024,2.4598724474000084,2.3978571428571223,low,False,1719577.9,82.494885000051,2.7540000000000875
lgbm,4,2024-04-15 06:45:00,2024,3.1499131254940416,5.074285714285614,low,False,1616080.6,82.494885000051,2.796000000000004
lgbm,4,2024-04-17 08:45:00,2024,3.215993332469623,2.1278571428571076,low,False,1499267.1,82.494885000051,3.520000000000073
lgbm,4,2024-04-19 10:45:00,2024,4.536891271974465,5.110000000000127,low,False,1748478.9,82.494885000051,4.180000000000109
lgbm,4,2024-04-23 12:45:00,2024,4.092023519303235,4.612142857142901,low,False,1574744.8,82.494885000051,3.7899999999999636
lgbm,4,2024-04-25 14:45:00,2024,4.099716620827587,2.464285714285747,low,False,1554092.6,82.494885000051,6.947999999999956
lgbm,4,2024-04-29 16:45:00,2024,4.824449032327025,4.152857142857134,low,False,1541765.7,82.494885000051,4.0080000000000835
lgbm,4,2024-05-01 18:45:00,2024,2.877911954094483,4.822857142857109,low,False,1601242.4,82.494885000051,3.3739999999999783
lgbm,4,2024-05-03 20:45:00,2024,3.0154137240958123,4.484999999999998,low,False,1518786.6,82.494885000051,2.4220000000000255
lgbm,4,2024-05-07 22:45:00,2024,1.7060975618365586,2.3428571428571883,low,False,1568218.0,82.494885000051,1.481999999999971
lgbm,4,2024-05-10 01:45:00,2024,1.9143613468928817,2.3828571428571843,low,False,1532278.7,82.494885000051,1.2840000000001055
lgbm,4,2024-05-14 03:45:00,2024,1.5793946764832385,1.3564285714284259,low,False,1570236.0,82.494885000051,3.1159999999998944
lgbm,4,2024-05-16 05:45:00,2024,2.671231801738422,3.2314285714285234,low,False,1604826.2,82.494885000051,2.147999999999956
lgbm,4,2024-05-20 07:45:00,2024,2.4244826949921565,3.9607142857143054,low,False,1597765.6,82.494885000051,4.1599999999998545
lgbm,4,2024-05-22 09:45:00,2024,2.5195787328456163,2.9664285714285534,low,False,1514924.9,82.494885000051,3.3279999999999745
lgbm,4,2024-05-24 11:45:00,2024,2.7435111918973005,2.8485714285714687,low,False,1660690.4,82.494885000051,2.8040000000000873
lgbm,4,2024-05-28 16:15:00,2024,4.658240362810887,3.217142857142757,low,False,2538176.1,82.494885000051,5.384000000000105
lgbm,4,2024-05-30 18:15:00,2024,2.4771450384283593,4.530714285714274,low,False,1577978.3,82.494885000051,3.093999999999869
lgbm,4,2024-06-03 20:15:00,2024,2.4792332573703346,4.8350000000000035,low,False,1620786.0,82.494885000051,2.645999999999913
lgbm,4,2024-06-05 22:15:00,2024,1.4221954780750459,2.2585714285714857,low,False,1652100.2,82.494885000051,1.3660000000000765
lgbm,4,2024-06-10 01:15:00,2024,2.941801850661198,3.692857142857195,low,False,1956590.9,82.494885000051,2.4039999999999964
lgbm,4,2024-06-12 03:15:00,2024,1.566379492187217,1.3607142857142662,low,False,1620295.7,82.494885000051,2.0039999999999965
lgbm,4,2024-06-14 05:15:00,2024,1.7987526043639461,1.7114285714285091,low,False,1564707.5,82.494885000051,2.1799999999999273
lgbm,4,2024-06-18 07:15:00,2024,1.3991152970618772,1.9771428571428455,low,False,1606919.0,82.494885000051,2.375999999999931
lgbm,4,2024-06-20 11:45:00,2024,2.4838787765119874,2.7607142857143248,low,False,1643302.7,82.494885000051,2.0339999999999234
lgbm,4,2024-06-24 13:45:00,2024,3.497991218787803,3.008571428571421,low,False,1616148.2,82.494885000051,2.1260000000000217
lgbm,4,2024-06-26 15:45:00,2024,4.1126750561179675,3.6035714285714158,low,False,1618061.0,82.494885000051,6.5219999999999345
lgbm,4,2024-06-28 17:45:00,2024,3.0262572129614265,4.148571428571423,low,False,1562298.5,82.494885000051,2.9459999999998217
lgbm,5,2024-07-01 01:00:00,2024,1.8444693033227686,1.8085714285714727,low,False,1719286.4,96.26579340000171,1.2820000000000618
lgbm,5,2024-07-03 03:00:00,2024,1.2977241340044796,1.0850000000000688,low,False,1573886.4,96.26579340000171,1.499999999999909
lgbm,5,2024-07-05 07:15:00,2024,1.2628720215733513,2.0514285714286222,low,False,1587990.1,96.26579340000171,1.4239999999999782
lgbm,5,2024-07-09 09:15:00,2024,2.044917107095006,1.8557142857142221,low,False,1522084.3,96.26579340000171,2.34399999999996
lgbm,5,2024-07-11 11:15:00,2024,2.1948033384115986,2.32071428571427,low,False,1539339.5,96.26579340000171,2.2920000000000074
lgbm,5,2024-07-15 13:15:00,2024,3.0505459890909723,2.284285714285683,low,False,1565420.8,96.26579340000171,3.094000000000051
lgbm,5,2024-07-17 15:15:00,2024,4.072183639528823,3.472142857142931,low,False,1481984.8,96.26579340000171,5.041999999999826
lgbm,5,2024-07-19 17:15:00,2024,3.5341209622643976,4.817857142857195,low,False,1741163.3,96.26579340000171,5.345999999999822
lgbm,5,2024-07-23 19:15:00,2024,2.197890013962894,3.2707142857143157,low,False,1688089.1,96.26579340000171,2.992000000000098
lgbm,5,2024-07-25 21:15:00,2024,3.115208927358664,4.450714285714314,low,False,1757853.8,96.26579340000171,2.857999999999902
lgbm,5,2024-07-29 23:15:00,2024,1.7191681260383744,2.7164285714285534,low,False,2259004.5,96.26579340000171,1.7099999999999453
lgbm,5,2024-08-01 02:15:00,2024,1.7940810482187703,3.456428571428595,low,False,1608628.1,96.26579340000171,1.8260000000000218
lgbm,5,2024-08-05 04:15:00,2024,5.909501405642142,7.363571428571406,low,False,1561533.4,96.26579340000171,6.538000000000011
lgbm,5,2024-08-07 06:15:00,2024,2.677567490388443,4.117857142857149,low,False,1546254.2,96.26579340000171,2.9960000000000035
lgbm,5,2024-08-09 08:15:00,2024,2.653257134420712,2.3285714285714545,low,False,1511300.1,96.26579340000171,3.0399999999999636
lgbm,5,2024-08-13 10:15:00,2024,2.8064418342874533,2.9035714285713703,low,False,1563785.6,96.26579340000171,2.563999999999942
lgbm,5,2024-08-15 12:15:00,2024,2.1921482067940246,2.2764285714286285,low,False,1611639.7,96.26579340000171,1.8
lgbm,5,2024-08-19 14:15:00,2024,4.875757225342557,3.0028571428572377,low,False,1591262.9,96.26579340000171,3.507999999999993
lgbm,5,2024-08-21 16:15:00,2024,4.525251238690881,3.0371428571429533,low,False,1633330.0,96.26579340000171,8.578000000000065
lgbm,5,2024-08-23 18:15:00,2024,4.3506084663586755,6.492857142857149,low,False,1582397.2,96.26579340000171,5.3
lgbm,5,2024-08-27 20:15:00,2024,1.9260454591776996,3.458571428571434,low,False,2728228.9,96.26579340000171,2.7419999999999165
lgbm,5,2024-08-29 22:15:00,2024,1.7863540310211574,2.833571428571434,low,False,1546144.5,96.26579340000171,1.4079999999999928
lgbm,5,2024-09-03 03:45:00,2024,1.5968745263044057,1.217142857142822,low,False,1546208.5,96.26579340000171,3.424000000000069
lgbm,5,2024-09-05 05:45:00,2024,1.5425847494030822,1.7564285714286143,low,False,1533506.9,96.26579340000171,1.3739999999999781
lgbm,5,2024-09-09 07:45:00,2024,1.6416055594482166,1.4957142857143222,low,False,1550433.3,96.26579340000171,3.3719999999998436
lgbm,5,2024-09-11 09:45:00,2024,2.376644222312702,2.028571428571435,low,False,1527846.1,96.26579340000171,3.2580000000000835
lgbm,5,2024-09-13 11:45:00,2024,2.9226979060998217,3.2828571428570803,low,False,1549982.6,96.26579340000171,3.3400000000000545
lgbm,5,2024-09-17 13:45:00,2024,4.2365099811444535,3.1164285714286115,low,False,1555246.7,96.26579340000171,3.05
lgbm,5,2024-09-19 15:45:00,2024,5.1962351199005266,3.747142857142925,low,False,1551176.9,96.26579340000171,6.684000000000014
lgbm,5,2024-09-23 17:45:00,2024,3.4755811687513978,4.230000000000018,low,False,1478940.4,96.26579340000171,3.185999999999967
lgbm,5,2024-09-25 19:45:00,2024,2.6134351570337246,4.40928571428578,low,False,1505065.8,96.26579340000171,3.0579999999999927
lgbm,5,2024-09-27 21:45:00,2024,2.1963755602141477,4.090714285714349,low,False,1747491.2,96.26579340000171,2.155999999999949
lgbm,5,2024-10-01 23:45:00,2024,1.9634875069061097,3.4428571428571297,low,False,1566001.2,96.26579340000171,1.1919999999999162
lgbm,5,2024-10-04 02:45:00,2024,1.3831446286823181,1.1357142857142273,low,False,1602931.3,96.26579340000171,1.44399999999996
lgbm,5,2024-10-08 04:45:00,2024,3.1647705047767642,2.9714285714285325,low,False,1518499.0,96.26579340000171,5.276000000000022
lgbm,5,2024-10-10 06:45:00,2024,1.6088260196256168,2.405000000000005,low,False,1564822.3,96.26579340000171,1.5359999999999672
lgbm,5,2024-10-14 08:45:00,2024,2.2444820880223273,2.2864285714286194,low,False,1549202.9,96.26579340000171,3.8719999999999346
lgbm,5,2024-10-16 10:45:00,2024,2.524149115398344,2.9600000000000364,low,False,1593716.0,96.26579340000171,2.3179999999999383
lgbm,5,2024-10-18 12:45:00,2024,2.3957544108275286,2.976428571428609,low,False,1615070.1,96.26579340000171,2.7380000000001017
lgbm,5,2024-10-22 14:45:00,2024,4.070026145535039,2.910000000000082,low,False,1586339.6,96.26579340000171,3.6059999999999492
lgbm,5,2024-10-24 16:45:00,2024,4.732220542344571,3.6228571428571286,low,False,1507879.0,96.26579340000171,5.770000000000164
lgbm,5,2024-10-28 17:45:00,2024,2.2407112525797968,3.4414285714285597,low,False,1565588.2,96.26579340000171,2.288000000000011
lgbm,5,2024-10-30 19:45:00,2024,1.772642077760447,3.6657142857143623,low,False,1607595.6,96.26579340000171,1.5780000000000656
lgbm,5,2024-11-01 21:45:00,2024,1.9208314754428912,3.061428571428548,low,False,1559023.4,96.26579340000171,3.2460000000000035
lgbm,5,2024-11-06 01:45:00,2024,1.5113924507088479,1.704285714285756,low,False,1586696.5,96.26579340000171,4.985999999999967
lgbm,5,2024-11-08 03:45:00,2024,2.6206007296106204,2.833571428571401,low,False,1530109.3,96.26579340000171,3.4320000000001527
lgbm,5,2024-11-12 05:45:00,2024,2.1524630493275136,2.9442857142856673,low,False,1516094.5,96.26579340000171,2.1919999999999162
lgbm,5,2024-11-14 07:45:00,2024,2.682312274931925,3.057857142857139,low,False,1567349.5,96.26579340000171,3.8460000000000036
lgbm,5,2024-11-18 09:45:00,2024,2.7723122996269267,2.9078571428572104,low,False,1555462.4,96.26579340000171,3.4460000000000037
lgbm,5,2024-11-20 11:45:00,2024,2.4093168923544486,3.1242857142856986,low,False,1530323.9,96.26579340000171,2.6919999999999162
lgbm,5,2024-11-22 13:45:00,2024,4.688359493032745,4.800714285714354,low,False,1598965.5,96.26579340000171,4.394000000000051
lgbm,5,2024-11-26 15:45:00,2024,5.408500673348189,4.772142857142788,low,False,1506033.2,96.26579340000171,6.6460000000000035
lgbm,5,2024-11-28 17:45:00,2024,2.544733482432924,2.8307142857142935,low,False,1513369.5,96.26579340000171,2.2
lgbm,5,2024-12-03 01:30:00,2024,1.9072370032496355,2.6049999999999858,low,False,1600097.0,96.26579340000171,1.8960000000000037
lgbm,5,2024-12-05 03:30:00,2024,2.154561766337966,1.772857142857187,low,False,1525295.6,96.26579340000171,2.510000000000036
lgbm,5,2024-12-09 05:30:00,2024,2.5843345379525147,5.007142857142786,low,False,1567700.3,96.26579340000171,3.4359999999998765
lgbm,5,2024-12-11 07:30:00,2024,3.8210183105927347,5.31285714285715,low,False,1573645.4,96.26579340000171,6.161999999999898
lgbm,5,2024-12-13 09:30:00,2024,3.1628460035650527,2.996428571428591,low,False,1549021.5,96.26579340000171,3.6159999999998944
lgbm,5,2024-12-17 11:30:00,2024,3.459084049628367,4.157142857142811,low,False,1518105.5,96.26579340000171,2.8220000000000254
lgbm,5,2024-12-19 13:30:00,2024,4.516421140728656,3.749285714285764,low,False,1549908.0,96.26579340000171,3.7139999999997597
lgbm,5,2024-12-23 15:30:00,2024,4.09159583616453,3.113571428571374,low,False,1597274.2,96.26579340000171,2.6340000000001056
lgbm,5,2024-12-26 20:45:00,2024,2.214609910937675,2.7778571428572314,low,False,1600103.1,96.26579340000171,1.7879999999999199
lgbm,5,2024-12-30 22:45:00,2024,1.7257000764062003,2.240000000000074,low,False,1603011.6,96.26579340000171,
hybrid,0,2022-01-03 01:00:00,2022,1.6892303910784952,1.802857142857111,low,False,1733110.8,54.11159079999197,1.2679999999999836
hybrid,0,2022-01-05 03:00:00,2022,1.0422992182098731,0.8850000000000234,low,False,1575619.3,54.11159079999197,1.0980000000000474
hybrid,0,2022-01-07 05:00:00,2022,1.1052776636549955,1.193571428571415,low,False,1547983.9,54.11159079999197,0.8960000000000037
hybrid,0,2022-01-11 07:00:00,2022,0.9463647078058159,1.0121428571428623,low,False,1581996.6,54.11159079999197,1.2179999999999835
hybrid,0,2022-01-13 09:00:00,2022,1.3054630958405995,1.2528571428571564,low,False,1540374.1,54.11159079999197,1.954000000000042
hybrid,0,2022-01-17 11:00:00,2022,1.2387741744648617,1.064285714285737,low,False,1555962.1,54.11159079999197,0.8960000000000491
hybrid,0,2022-01-19 15:30:00,2022,3.181415103248985,1.940714285714242,low,False,1676609.1,54.11159079999197,2.5420000000000527
hybrid,0,2022-01-21 17:30:00,2022,3.1666299548950927,3.0892857142857144,low,False,1556416.5,54.11159079999197,2.882000000000062
hybrid,0,2022-01-25 19:30:00,2022,2.6678833772768,3.690000000000022,low,False,1526141.8,54.11159079999197,1.888000000000011
hybrid,0,2022-01-27 21:30:00,2022,2.0184639282898953,2.494999999999988,low,False,1633515.6,54.11159079999197,1.62199999999998
hybrid,0,2022-01-31 23:30:00,2022,1.1577053574172662,1.553571428571461,low,False,1760262.4,54.11159079999197,0.7260000000000673
hybrid,0,2022-02-03 02:30:00,2022,0.9862615549316008,0.9842857142857449,low,False,1508826.9,54.11159079999197,1.0679999999999836
hybrid,0,2022-02-07 04:30:00,2022,1.5648545200355723,1.7264285714285441,low,False,1710241.3,54.11159079999197,1.0880000000001018
hybrid,0,2022-02-09 06:30:00,2022,0.8823952490263299,0.9457142857142864,low,False,1546063.8,54.11159079999197,0.8779999999999746
hybrid,0,2022-02-11 08:30:00,2022,1.458850260997321,1.2150000000000318,low,False,1599259.9,54.11159079999197,1.9099999999999908
hybrid,0,2022-02-15 10:30:00,2022,2.8149713849681657,2.5849999999999875,low,False,1614951.1,54.11159079999197,5.309999999999945
hybrid,0,2022-02-17 12:30:00,2022,2.840017134608427,4.0778571428571535,low,False,1559916.6,54.11159079999197,1.4540000000000872
hybrid,0,2022-02-21 14:30:00,2022,3.2106624518024756,2.0078571428571195,low,False,2881312.7,54.11159079999197,2.8739999999999783
hybrid,0,2022-02-23 19:00:00,2022,2.0965966511059944,2.6307142857142805,low,False,1563755.5,54.11159079999197,1.7019999999999982
hybrid,0,2022-02-25 21:00:00,2022,2.3756006974035375,2.7678571428572076,low,False,1519283.8,54.11159079999197,1.8820000000000618
hybrid,0,2022-03-01 23:00:00,2022,2.24092043650811,3.6957142857143026,low,False,1581037.8,54.11159079999197,2.6920000000000526
hybrid,0,2022-03-04 02:00:00,2022,2.1181927509547265,2.202857142857153,low,False,1556427.8,54.11159079999197,6.067999999999984
hybrid,0,2022-03-08 04:00:00,2022,2.8325624603810438,3.5321428571428606,low,False,1696884.9,54.11159079999197,2.30600000000004
hybrid,0,2022-03-10 06:00:00,2022,2.7586346078291855,4.047857142857132,low,False,1600098.8,54.11159079999197,1.9519999999999982
hybrid,0,2022-03-14 07:00:00,2022,2.113337590516874,2.0199999999999654,low,False,1634719.9,54.11159079999197,2.4320000000000164
hybrid,0,2022-03-16 09:00:00,2022,3.215206297584512,2.1049999999999858,low,False,1573665.7,54.11159079999197,3.6559999999999944
hybrid,0,2022-03-18 11:00:00,2022,3.1095291822492817,2.7021428571428845,low,False,1603458.3,54.11159079999197,2.619999999999982
hybrid,0,2022-03-22 13:00:00,2022,2.6599082546347517,3.0100000000000233,low,False,1549914.8,54.11159079999197,2.6340000000000146
hybrid,0,2022-03-24 15:00:00,2022,5.511829893412854,4.169999999999992,low,False,1831378.5,54.11159079999197,5.913999999999942
hybrid,0,2022-03-28 18:00:00,2022,4.562845657138023,5.694285714285684,low,False,1674898.1,54.11159079999197,2.1500000000000457
hybrid,0,2022-03-30 20:00:00,2022,2.488945340409292,3.110714285714315,low,False,1603131.3,54.11159079999197,2.0040000000000417
hybrid,0,2022-04-01 22:00:00,2022,1.9846483135277322,2.4971428571428436,low,False,1628108.2,54.11159079999197,2.101999999999953
hybrid,0,2022-04-06 01:00:00,2022,1.7771893584345615,2.0278571428571177,low,False,1581050.6,54.11159079999197,1.1119999999999437
hybrid,0,2022-04-08 03:00:00,2022,1.5331349631566333,1.5592857142856928,low,False,1463510.7,54.11159079999197,2.131999999999971
hybrid,0,2022-04-12 05:00:00,2022,1.5736367883451283,1.8614285714286,low,False,1531735.7,54.11159079999197,1.4880000000000109
hybrid,0,2022-04-14 07:00:00,2022,1.3431455300845025,1.7242857142857215,low,False,1532216.4,54.11159079999197,1.7519999999999982
hybrid,0,2022-04-19 09:00:00,2022,1.6440204910219862,1.5828571428571325,low,False,1595508.5,54.11159079999197,2.44399999999996
hybrid,0,2022-04-21 11:00:00,2022,2.21845754131015,2.0578571428571713,low,False,1577852.6,54.11159079999197,3.054000000000042
hybrid,0,2022-04-25 13:00:00,2022,3.6177786088777006,3.255714285714313,low,False,1633269.2,54.11159079999197,4.195999999999958
hybrid,0,2022-04-27 15:00:00,2022,4.8151469813430605,3.158571428571414,low,False,1586879.5,54.11159079999197,5.164000000000078
hybrid,0,2022-04-29 17:00:00,2022,4.4841209320096835,4.258571428571437,low,False,1455577.6,54.11159079999197,4.9200000000000275
hybrid,0,2022-05-03 19:00:00,2022,2.862419383807476,3.890000000000035,low,False,1544604.9,54.11159079999197,2.7639999999999416
hybrid,0,2022-05-05 21:00:00,2022,2.9780407540495872,4.018571428571428,low,False,1465819.4,54.11159079999197,2.1899999999999635
hybrid,0,2022-05-09 23:00:00,2022,1.6787618930137036,2.547142857142863,low,False,1632589.3,54.11159079999197,1.37800000000002
hybrid,0,2022-05-12 02:00:00,2022,1.2332254972317584,1.2757142857142623,low,False,1507597.6,54.11159079999197,1.8899999999999637
hybrid,0,2022-05-16 04:00:00,2022,1.9025560512271826,2.176428571428541,low,False,1538337.0,54.11159079999197,2.2739999999999783
hybrid,0,2022-05-18 06:00:00,2022,1.5938250297340155,1.9471428571428728,low,False,1521507.6,54.11159079999197,1.5359999999999672
hybrid,0,2022-05-20 08:00:00,2022,1.604292466970115,1.2842857142857156,low,False,1571785.3,54.11159079999197,2.4600000000000364
hybrid,0,2022-05-24 10:00:00,2022,1.9338626734926778,1.617857142857117,low,False,1570472.2,54.11159079999197,2.4140000000000326
hybrid,0,2022-05-26 12:00:00,2022,1.8177904133372238,2.1178571428571007,low,False,1553458.4,54.11159079999197,2.0700000000000274
hybrid,0,2022-05-30 14:00:00,2022,2.30156324720508,1.707142857142831,low,False,1522128.9,54.11159079999197,1.3100000000000365
hybrid,0,2022-06-01 18:30:00,2022,3.0816886941551718,3.6850000000000267,low,False,1732478.0,54.11159079999197,2.831999999999971
hybrid,0,2022-06-03 20:30:00,2022,2.120474331265526,2.6942857142856838,low,False,1648553.7,54.11159079999197,1.2419999999999618
hybrid,0,2022-06-07 22:30:00,2022,1.4679287424808563,1.759285714285706,low,False,1629437.7,54.11159079999197,1.1259999999999308
hybrid,0,2022-06-10 01:30:00,2022,1.021580580332938,0.9435714285714474,low,False,1509241.8,54.11159079999197,0.6920000000000073
hybrid,0,2022-06-14 03:30:00,2022,2.161371399907703,2.7685714285714442,low,False,1518681.7,54.11159079999197,1.6140000000000783
hybrid,0,2022-06-16 05:30:00,2022,1.689564726960191,1.892142857142874,low,False,1571398.3,54.11159079999197,1.496000000000049
hybrid,0,2022-06-20 07:30:00,2022,1.750680543542339,2.606428571428588,low,False,1506256.9,54.11159079999197,1.4039999999999964
hybrid,0,2022-06-22 12:00:00,2022,2.222800642702179,2.51071428571426,low,False,1631026.5,54.11159079999197,2.2460000000000035
hybrid,0,2022-06-24 14:00:00,2022,2.5466754609751634,2.3614285714285677,low,False,1686442.4,54.11159079999197,2.8539999999999965
hybrid,0,2022-06-28 16:00:00,2022,4.100714975022411,2.392142857142809,low,False,1594881.7,54.11159079999197,3.336000000000058
hybrid,0,2022-06-30 18:00:00,2022,4.386839667649913,5.6635714285714585,low,False,1929243.6,54.11159079999197,3.2739999999999325
hybrid,1,2022-07-01 01:00:00,2022,1.489222284690529,1.6364285714285611,low,False,1687396.2,62.19017959997291,1.1960000000000037
hybrid,1,2022-07-05 05:30:00,2022,1.2646639491739178,1.47357142857142,low,False,1575858.4,62.19017959997291,1.1639999999999417
hybrid,1,2022-07-07 07:30:00,2022,1.4944661829274974,1.9250000000000196,low,False,1487123.6,62.19017959997291,1.9420000000000073
hybrid,1,2022-07-11 09:30:00,2022,1.8287201001769564,1.1521428571428487,low,False,1635302.8,62.19017959997291,2.1899999999999635
hybrid,1,2022-07-13 11:30:00,2022,1.848787270530156,2.0707142857143026,low,False,1475865.2,62.19017959997291,1.9880000000000109
hybrid,1,2022-07-15 13:30:00,2022,2.6330799266818214,1.8435714285714084,low,False,1622929.1,62.19017959997291,2.3780000000000654
hybrid,1,2022-07-19 15:30:00,2022,4.257041128745123,2.2235714285714363,low,False,1558701.6,62.19017959997291,2.7819999999999254
hybrid,1,2022-07-21 17:30:00,2022,5.760588510493397,6.190000000000006,low,False,1556721.8,62.19017959997291,4.501999999999998
hybrid,1,2022-07-25 19:30:00,2022,2.0178607712143504,2.4071428571428766,low,False,1501887.9,62.19017959997291,1.7859999999999219
hybrid,1,2022-07-27 21:30:00,2022,3.7472297096087086,3.218571428571425,low,False,1628450.9,62.19017959997291,5.033999999999923
hybrid,1,2022-07-29 23:30:00,2022,1.3102280002175337,1.7535714285714417,low,False,1551048.7,62.19017959997291,1.0380000000000564
hybrid,1,2022-08-03 02:30:00,2022,1.6342628950172116,2.1242857142856986,low,False,1600012.5,62.19017959997291,2.183999999999969
hybrid,1,2022-08-05 04:30:00,2022,1.4140141391541863,1.3900000000000026,low,False,1527573.8,62.19017959997291,1.4859999999999673
hybrid,1,2022-08-09 06:30:00,2022,1.1058620563132147,1.3100000000000267,low,False,1585361.5,62.19017959997291,0.8240000000000236
hybrid,1,2022-08-11 08:30:00,2022,1.340163238314016,1.404999999999989,low,False,1620518.1,62.19017959997291,2.0659999999999856
hybrid,1,2022-08-15 10:30:00,2022,1.711378749557963,1.3057142857142512,low,False,1658033.2,62.19017959997291,2.34399999999996
hybrid,1,2022-08-17 12:30:00,2022,1.5463754595083699,1.7371428571428527,low,False,1541686.6,62.19017959997291,1.8300000000000183
hybrid,1,2022-08-19 14:30:00,2022,2.9696464335558574,1.8521428571428291,low,False,1780787.8,62.19017959997291,3.101999999999998
hybrid,1,2022-08-23 16:30:00,2022,4.498524345560669,2.5357142857142856,low,False,1579483.9,62.19017959997291,5.57199999999998
hybrid,1,2022-08-25 18:30:00,2022,2.445211663597542,2.715714285714268,low,False,1535029.7,62.19017959997291,1.3600000000000363
hybrid,1,2022-08-29 20:30:00,2022,1.7345501791452576,1.9764285714285765,low,False,1599927.5,62.19017959997291,1.2919999999999618
hybrid,1,2022-08-31 22:30:00,2022,1.436487617518975,1.6399999999999701,low,False,1564804.9,62.19017959997291,0.9140000000000328
hybrid,1,2022-09-05 01:30:00,2022,1.3869354876211875,1.6049999999999696,low,False,1490074.9,62.19017959997291,0.9540000000000418
hybrid,1,2022-09-07 06:00:00,2022,1.6662693684251126,2.5171428571428742,low,False,1872358.3,62.19017959997291,1.4380000000000108
hybrid,1,2022-09-09 08:00:00,2022,1.2935323384680801,1.3835714285714857,low,False,1960353.0,62.19017959997291,1.6639999999999873
hybrid,1,2022-09-13 10:00:00,2022,1.7815782027692646,1.5364285714285384,low,False,1782600.6,62.19017959997291,1.7359999999999218
hybrid,1,2022-09-15 12:00:00,2022,1.7530673329218782,1.9407142857142585,low,False,1563843.1,62.19017959997291,1.82199999999998
hybrid,1,2022-09-19 14:00:00,2022,2.6723458265413997,2.4492857142857116,low,False,1522687.3,62.19017959997291,3.0420000000000074
hybrid,1,2022-09-21 16:00:00,2022,3.848543964753951,2.0149999999999864,low,False,1666081.7,62.19017959997291,2.3480000000000016
hybrid,1,2022-09-23 18:00:00,2022,3.748968240665186,4.550000000000003,low,False,1579960.9,62.19017959997291,2.4100000000000366
hybrid,1,2022-09-27 20:00:00,2022,2.7290372431394694,3.5792857142857235,low,False,1579797.7,62.19017959997291,1.6880000000000563
hybrid,1,2022-09-29 22:00:00,2022,1.8870682958458689,2.318571428571431,low,False,1553019.1,62.19017959997291,1.4200000000000272
hybrid,1,2022-10-04 01:00:00,2022,1.7100946387199174,2.0792857142856747,low,False,1534590.0,62.19017959997291,1.83799999999992
hybrid,1,2022-10-06 03:00:00,2022,1.6507572972815843,1.3428571428571072,low,False,1672514.7,62.19017959997291,2.3340000000000147
hybrid,1,2022-10-10 05:00:00,2022,1.6592101131352108,2.0564285714285364,low,False,1522594.2,62.19017959997291,1.9759999999999764
hybrid,1,2022-10-12 07:00:00,2022,1.8782315616021314,2.3392857142857304,low,False,1607910.2,62.19017959997291,1.3940000000000055
hybrid,1,2022-10-14 09:00:00,2022,2.1814052413802476,1.7928571428571363,low,False,1552851.0,62.19017959997291,2.739999999999964
hybrid,1,2022-10-18 11:00:00,2022,1.9556516062216924,2.1399999999999864,low,False,1600300.8,62.19017959997291,3.4179999999999837
hybrid,1,2022-10-20 13:00:00,2022,3.2388358597051288,2.6014285714285927,low,False,1533840.8,62.19017959997291,2.7259999999999764
hybrid,1,2022-10-24 15:00:00,2022,4.081841489622876,2.5614285714285807,low,False,1570172.9,62.19017959997291,2.831999999999971
hybrid,1,2022-10-26 17:00:00,2022,3.7172745825258167,3.102857142857179,low,False,1576219.5,62.19017959997291,3.668000000000029
hybrid,1,2022-10-28 19:00:00,2022,2.803159530617337,3.63571428571426,low,False,1507048.7,62.19017959997291,1.6319999999999708
hybrid,1,2022-11-01 20:00:00,2022,2.0670635383994695,2.460000000000004,low,False,1518639.7,62.19017959997291,1.9040000000000419
hybrid,1,2022-11-03 22:00:00,2022,1.3687112076828294,1.3764285714285702,low,False,1525696.5,62.19017959997291,0.9440000000000055
hybrid,1,2022-11-08 02:00:00,2022,1.0554021983839805,0.9764285714285766,low,False,1588630.1,62.19017959997291,1.7059999999999946
hybrid,1,2022-11-10 04:00:00,2022,1.6404475337748776,1.7092857142857025,low,False,1527278.2,62.19017959997291,1.8159999999999854
hybrid,1,2022-11-14 06:00:00,2022,1.594358310198621,2.2257142857142918,low,False,1555975.3,62.19017959997291,1.75
hybrid,1,2022-11-16 08:00:00,2022,2.0788002702203574,1.9021428571428811,low,False,1536032.8,62.19017959997291,2.2920000000000527
hybrid,1,2022-11-18 10:00:00,2022,1.9779616479694269,1.70714285714288,low,False,1542263.5,62.19017959997291,2.37800000000002
hybrid,1,2022-11-22 12:00:00,2022,1.7517257078611257,2.051428571428606,low,False,1602556.1,62.19017959997291,1.583999999999969
hybrid,1,2022-11-24 14:00:00,2022,2.219775659835383,1.609999999999965,low,False,1662793.7,62.19017959997291,1.2179999999999835
hybrid,1,2022-11-28 21:45:00,2022,1.5727672484448905,1.6764285714285572,low,False,1519212.2,62.19017959997291,1.4340000000000146
hybrid,1,2022-11-30 23:45:00,2022,2.1838139330418636,3.657857142857129,low,False,1545285.4,62.19017959997291,2.1239999999999783
hybrid,1,2022-12-05 02:45:00,2022,1.3024673705336804,1.512142857142911,low,False,1545761.5,62.19017959997291,2.95600000000004
hybrid,1,2022-12-07 04:45:00,2022,1.5317999517535714,1.6350000000000233,low,False,1503377.5,62.19017959997291,1.4
hybrid,1,2022-12-09 06:45:00,2022,1.1778717759134076,1.4635714285714292,low,False,1570526.2,62.19017959997291,1.7239999999999782
hybrid,1,2022-12-13 08:45:00,2022,1.2209397418222583,1.2321428571428572,low,False,1703416.7,62.19017959997291,2.0679999999999836
hybrid,1,2022-12-15 10:45:00,2022,3.179249189803317,3.5200000000000142,low,False,1536023.7,62.19017959997291,2.84399999999996
hybrid,1,2022-12-19 12:45:00,2022,1.592284955324079,1.7392857142856915,low,False,1599475.6,62.19017959997291,1.4639999999999873
hybrid,1,2022-12-21 14:45:00,2022,2.33584828125582,1.4921428571428967,low,False,1578089.1,62.19017959997291,2.1279999999999744
hybrid,1,2022-12-23 16:45:00,2022,4.295936419561843,2.47071428571428,low,False,1586072.4,62.19017959997291,2.8600000000000363
hybrid,1,2022-12-28 18:45:00,2022,2.7612445621780464,3.158571428571398,low,False,1633127.8,62.19017959997291,2.083999999999969
hybrid,1,2022-12-30 20:45:00,2022,2.1064335956073514,2.6492857142857082,low,False,1545608.8,62.19017959997291,1.5359999999999672
hybrid,2,2023-01-03 01:00:00,2023,1.532885811039649,1.5878571428571442,low,False,1597425.2,70.22909469995648,2.77199999999998
hybrid,2,2023-01-05 03:00:00,2023,1.5711942079730876,1.6992857142857116,low,False,1610981.1,70.22909469995648,2.4320000000000164
hybrid,2,2023-01-09 05:00:00,2023,1.706515100491451,2.2592857142856895,low,False,1621116.8,70.22909469995648,1.031999999999971
hybrid,2,2023-01-11 07:00:00,2023,1.220454208941593,1.454285714285756,low,False,1626044.0,70.22909469995648,2.359999999999991
hybrid,2,2023-01-13 09:00:00,2023,1.9346374299285212,1.4907142857142779,low,False,1510363.9,70.22909469995648,3.5519999999999983
hybrid,2,2023-01-17 13:30:00,2023,2.680390469176533,1.8507142857143404,low,False,1566715.6,70.22909469995648,2.8300000000000183
hybrid,2,2023-01-19 15:30:00,2023,4.63627014503154,2.650000000000042,low,False,1506626.8,70.22909469995648,3.624000000000069
hybrid,2,2023-01-23 17:30:00,2023,4.082346839938338,4.1399999999999535,low,False,1575183.9,70.22909469995648,2.9119999999999435
hybrid,2,2023-01-25 19:30:00,2023,2.6961635728743634,3.6342857142857548,low,False,1602493.3,70.22909469995648,2.498000000000002
hybrid,2,2023-01-27 21:30:00,2023,1.8871794901585905,2.212857142857128,low,False,1616435.5,70.22909469995648,1.489999999999918
hybrid,2,2023-01-31 23:30:00,2023,1.0998693244271875,1.2807142857143066,low,False,1540625.7,70.22909469995648,0.9119999999999436
hybrid,2,2023-02-03 02:30:00,2023,1.357635629013325,1.6078571428571422,low,False,1723226.0,70.22909469995648,1.5040000000000417
hybrid,2,2023-02-07 04:30:00,2023,1.5149962031544184,1.5035714285714417,low,False,1547297.4,70.22909469995648,1.6599999999999455
hybrid,2,2023-02-09 06:30:00,2023,1.163224242643349,1.3192857142857162,low,False,1658312.1,70.22909469995648,1.323999999999978
hybrid,2,2023-02-13 08:30:00,2023,1.8393019915523534,1.673571428571417,low,False,1563190.1,70.22909469995648,2.168000000000029
hybrid,2,2023-02-15 10:30:00,2023,2.950017090060525,2.8650000000000415,low,False,1530654.9,70.22909469995648,2.93400000000006
hybrid,2,2023-02-17 12:30:00,2023,2.41066137359477,3.1407142857142225,low,False,1577580.4,70.22909469995648,1.816000000000031
hybrid,2,2023-02-21 17:00:00,2023,3.2226495121783185,2.9978571428571934,low,False,1603190.5,70.22909469995648,3.5659999999999856
hybrid,2,2023-02-23 19:00:00,2023,3.0111274849938283,4.150714285714263,low,False,1515602.5,70.22909469995648,1.9019999999999526
hybrid,2,2023-02-27 21:00:00,2023,1.6190751097386578,1.7571428571428507,low,False,1588568.8,70.22909469995648,1.2920000000000527
hybrid,2,2023-03-01 23:00:00,2023,1.076555379631829,1.23571428571425,low,False,1669661.7,70.22909469995648,0.9039999999999964
hybrid,2,2023-03-06 02:00:00,2023,1.2429677780727153,1.4485714285713942,low,False,1586630.1,70.22909469995648,1.7100000000000364
hybrid,2,2023-03-08 04:00:00,2023,1.3083820057888214,1.202857142857202,low,False,1568934.4,70.22909469995648,1.190000000000009
hybrid,2,2023-03-10 06:00:00,2023,1.2990019310504415,1.707857142857165,low,False,1527785.1,70.22909469995648,1.2820000000000165
hybrid,2,2023-03-14 07:00:00,2023,1.448580521779197,1.8000000000000032,low,False,1578980.8,70.22909469995648,4.02800000000002
hybrid,2,2023-03-16 09:00:00,2023,2.874207261090256,2.6492857142857247,low,False,1517560.5,70.22909469995648,4.335999999999967
hybrid,2,2023-03-20 11:00:00,2023,5.1233124453345615,7.572142857142873,low,False,1553110.8,70.22909469995648,5.782000000000016
hybrid,2,2023-03-22 13:00:00,2023,3.1266952906179215,2.734285714285664,low,False,1604104.4,70.22909469995648,2.983999999999969
hybrid,2,2023-03-24 15:00:00,2023,5.438322538339425,4.145714285714283,low,False,1449972.4,70.22909469995648,6.873999999999933
hybrid,2,2023-03-28 18:00:00,2023,3.345691944113234,3.8178571428571138,low,False,1551831.0,70.22909469995648,2.5239999999999783
hybrid,2,2023-03-30 20:00:00,2023,2.643307564260859,3.4942857142856707,low,False,1604251.7,70.22909469995648,2.1559999999999944
hybrid,2,2023-04-03 22:00:00,2023,1.850197566074462,2.307857142857123,low,False,1549157.2,70.22909469995648,1.3639999999999872
hybrid,2,2023-04-06 01:00:00,2023,1.2777889615358404,1.2764285714285637,low,False,1591645.8,70.22909469995648,0.93799999999992
hybrid,2,2023-04-11 03:00:00,2023,1.3361941116566818,1.0028571428571564,low,False,1584269.8,70.22909469995648,1.7179999999999835
hybrid,2,2023-04-13 05:00:00,2023,1.53781236494187,1.8092857142857253,low,False,1606902.5,70.22909469995648,1.8700000000000272
hybrid,2,2023-04-17 07:00:00,2023,1.6683049710845377,2.253571428571393,low,False,1559889.4,70.22909469995648,1.31200000000008
hybrid,2,2023-04-19 09:00:00,2023,2.556843275248497,1.8257142857142494,low,False,1574064.7,70.22909469995648,4.3659999999999854
hybrid,2,2023-04-21 11:00:00,2023,2.7333294797709864,3.5492857142856695,low,False,1638604.7,70.22909469995648,3.1840000000000144
hybrid,2,2023-04-25 13:00:00,2023,2.746567855448923,2.7921428571429,low,False,1617833.9,70.22909469995648,2.7419999999999165
hybrid,2,2023-04-27 15:00:00,2023,3.3840586569220714,1.887857142857115,low,False,1553920.8,70.22909469995648,8.352000000000043
hybrid,2,2023-05-01 17:00:00,2023,4.992516585082053,4.4207142857142765,low,False,1562985.1,70.22909469995648,3.944000000000051
hybrid,2,2023-05-03 19:00:00,2023,2.8930277783644174,3.962857142857128,low,False,1504379.3,70.22909469995648,2.1120000000000347
hybrid,2,2023-05-05 21:00:00,2023,2.216279199336931,2.744285714285752,low,False,1593077.9,70.22909469995648,1.9820000000000164
hybrid,2,2023-05-09 23:00:00,2023,1.2056701335968265,1.5599999999999778,low,False,1579366.5,70.22909469995648,0.7319999999999709
hybrid,2,2023-05-12 02:00:00,2023,1.07380755907386,1.0242857142857085,low,False,1551130.1,70.22909469995648,0.8579999999999472
hybrid,2,2023-05-16 04:00:00,2023,1.2402069305284897,0.9657142857142357,low,False,1581569.3,70.22909469995648,1.5799999999999728
hybrid,2,2023-05-18 06:00:00,2023,1.060426922539048,1.1728571428571481,low,False,1538019.8,70.22909469995648,1.2059999999999946
hybrid,2,2023-05-22 08:00:00,2023,1.7593962400520922,1.6121428571428364,low,False,1544776.9,70.22909469995648,2.548000000000002
hybrid,2,2023-05-24 10:00:00,2023,2.158062459276001,2.1149999999999927,low,False,1547997.3,70.22909469995648,2.750000000000091
hybrid,2,2023-05-26 12:00:00,2023,1.9993336897911573,2.4292857142856974,low,False,1520909.6,70.22909469995648,1.168000000000029
hybrid,2,2023-05-30 16:30:00,2023,4.745493297057211,2.8071428571428703,low,False,1514312.3,70.22909469995648,3.3820000000000165
hybrid,2,2023-06-01 18:30:00,2023,3.678766836981764,4.599285714285737,low,False,1479504.0,70.22909469995648,2.0139999999999416
hybrid,2,2023-06-05 20:30:00,2023,2.039797575175433,2.5128571428571638,low,False,1499359.8,70.22909469995648,1.58400000000006
hybrid,2,2023-06-07 22:30:00,2023,1.5147211194090864,1.8214285714285714,low,False,1508706.1,70.22909469995648,1.2420000000000528
hybrid,2,2023-06-12 01:30:00,2023,0.9991098507429974,0.8964285714285519,low,False,1567456.1,70.22909469995648,1.1
hybrid,2,2023-06-14 03:30:00,2023,1.2683470128740213,1.1207142857142895,low,False,1482279.0,70.22909469995648,1.4419999999999618
hybrid,2,2023-06-16 05:30:00,2023,1.3243483284090998,1.5364285714285384,low,False,1509407.3,70.22909469995648,1.62199999999998
hybrid,2,2023-06-20 10:00:00,2023,1.8000628376310472,1.7342857142857124,low,False,1535001.4,70.22909469995648,2.0239999999999783
hybrid,2,2023-06-22 12:00:00,2023,1.8491377874348776,2.2257142857142753,low,False,1575897.3,70.22909469995648,1.6519999999999526
hybrid,2,2023-06-26 14:00:00,2023,2.291861730044239,1.6242857142856661,low,False,1673953.7,70.22909469995648,1.5659999999999854
hybrid,2,2023-06-28 16:00:00,2023,3.589600859029193,1.8564285714285396,low,False,1601429.8,70.22909469995648,4.992000000000007
hybrid,2,2023-06-30 18:00:00,2023,3.1936812801076906,3.872857142857112,low,False,1571407.8,70.22909469995648,2.219999999999982
hybrid,3,2023-07-03 01:00:00,2023,1.0749610241638927,1.0421428571428513,low,False,1672085.6,79.338759700011,0.69399999999996
hybrid,3,2023-07-05 05:30:00,2023,1.015996178071561,0.9871428571428851,low,False,1560645.0,79.338759700011,0.8920000000000528
hybrid,3,2023-07-07 07:30:00,2023,1.031708009920397,1.0300000000000378,low,False,1585904.2,79.338759700011,1.0459999999999128
hybrid,3,2023-07-11 09:30:00,2023,1.6801429640882743,1.775000000000026,low,False,1653207.3,79.338759700011,2.7619999999999436
hybrid,3,2023-07-13 11:30:00,2023,1.834660508884642,2.0964285714285813,low,False,1501707.0,79.338759700011,0.9639999999999873
hybrid,3,2023-07-17 13:30:00,2023,2.210212518328399,1.8778571428571564,low,False,1543221.6,79.338759700011,1.2319999999999254
hybrid,3,2023-07-19 15:30:00,2023,3.709527367981675,2.0000000000000324,low,False,1703139.1,79.338759700011,2.8300000000000636
hybrid,3,2023-07-21 17:30:00,2023,3.422705613789473,3.0942857142856934,low,False,1547848.7,79.338759700011,3.1259999999999764
hybrid,3,2023-07-25 19:30:00,2023,2.334855972671487,3.045000000000008,low,False,1621431.5,79.338759700011,1.6100000000000363
hybrid,3,2023-07-27 21:30:00,2023,1.9138237668136986,2.2728571428571707,low,False,1568181.6,79.338759700011,1.7179999999999835
hybrid,3,2023-07-31 23:30:00,2023,1.004696364987436,1.1650000000000122,low,False,1652447.3,79.338759700011,0.7640000000000328
hybrid,3,2023-08-03 02:30:00,2023,0.85898709848745,0.658571428571463,low,False,1626324.9,79.338759700011,0.9559999999999491
hybrid,3,2023-08-07 04:30:00,2023,1.413693173435004,1.3907142857142714,low,False,1561198.3,79.338759700011,1.4420000000000073
hybrid,3,2023-08-09 06:30:00,2023,1.1377187888256262,1.3671428571428643,low,False,1525022.2,79.338759700011,0.9639999999999418
hybrid,3,2023-08-11 08:30:00,2023,1.1598831941692438,1.1085714285714923,low,False,1700422.3,79.338759700011,1.0920000000000527
hybrid,3,2023-08-15 10:30:00,2023,1.4938015245646246,1.3442857142856934,low,False,1573477.2,79.338759700011,1.35
hybrid,3,2023-08-17 12:30:00,2023,1.3290580377796877,1.3342857142857025,low,False,1548194.0,79.338759700011,1.8579999999999928
hybrid,3,2023-08-21 14:30:00,2023,2.6996943578319996,1.4321428571428865,low,False,1532228.4,79.338759700011,2.609999999999991
hybrid,3,2023-08-23 16:30:00,2023,3.8199725006950374,2.6178571428571655,low,False,1613792.6,79.338759700011,4.339999999999963
hybrid,3,2023-08-25 18:30:00,2023,3.4376223634795346,4.307857142857139,low,False,1545426.9,79.338759700011,1.8059999999999945
hybrid,3,2023-08-29 20:30:00,2023,1.8915087266619497,2.313571428571468,low,False,1532911.9,79.338759700011,1.10600000000004
hybrid,3,2023-08-31 22:30:00,2023,1.025803705409858,0.9228571428571806,low,False,1569692.5,79.338759700011,0.7079999999999927
hybrid,3,2023-09-05 04:00:00,2023,0.8670786652938599,0.5135714285714162,low,False,1568092.3,79.338759700011,1.5159999999999854
hybrid,3,2023-09-07 06:00:00,2023,0.9179629536832999,0.9378571428571182,low,False,1554255.3,79.338759700011,0.6219999999999345
hybrid,3,2023-09-11 08:00:00,2023,1.0892860163553535,1.0564285714285526,low,False,1489533.9,79.338759700011,1.351999999999998
hybrid,3,2023-09-13 10:00:00,2023,1.3731784454715028,1.2050000000000085,low,False,1520692.8,79.338759700011,1.2239999999999782
hybrid,3,2023-09-15 12:00:00,2023,1.4264875058552033,1.5535714285714772,low,False,1533164.3,79.338759700011,0.8480000000000473
hybrid,3,2023-09-19 14:00:00,2023,1.2649104729960376,0.8507142857143241,low,False,1633600.0,79.338759700011,1.2639999999999874
hybrid,3,2023-09-21 16:00:00,2023,3.2246708611797334,2.122142857142827,low,False,1645649.8,79.338759700011,3.6000000000000454
hybrid,3,2023-09-25 18:00:00,2023,2.250163414964264,2.484999999999997,low,False,1530397.5,79.338759700011,1.6440000000000055
hybrid,3,2023-09-27 20:00:00,2023,2.0661716681835967,2.649999999999961,low,False,1505055.0,79.338759700011,1.92199999999998
hybrid,3,2023-09-29 22:00:00,2023,1.594816387753647,2.0235714285714397,low,False,1617327.1,79.338759700011,1.3099999999999
hybrid,3,2023-10-04 01:00:00,2023,1.201873721237524,1.2521428571428714,low,False,1578353.3,79.338759700011,1.088000000000011
hybrid,3,2023-10-06 03:00:00,2023,1.0330181544819823,0.7778571428571662,low,False,1580262.7,79.338759700011,1.2400000000000546
hybrid,3,2023-10-10 05:00:00,2023,1.260127821116749,1.4421428571428774,low,False,1531346.4,79.338759700011,1.1980000000000017
hybrid,3,2023-10-12 07:00:00,2023,1.124783360224713,1.2878571428571408,low,False,1634449.6,79.338759700011,1.0379999999999654
hybrid,3,2023-10-16 09:00:00,2023,2.009576388797948,1.6149999999999929,low,False,1534771.8,79.338759700011,2.7199999999999362
hybrid,3,2023-10-18 11:00:00,2023,2.05101354511566,2.039285714285711,low,False,1498411.1,79.338759700011,1.6040000000000418
hybrid,3,2023-10-20 13:00:00,2023,2.59991009124105,2.406428571428575,low,False,1546177.2,79.338759700011,1.682000000000062
hybrid,3,2023-10-24 15:00:00,2023,4.233708596476091,3.162142857142823,low,False,1596767.9,79.338759700011,3.352000000000044
hybrid,3,2023-10-26 17:00:00,2023,3.99083269623352,3.7778571428571337,low,False,1570911.5,79.338759700011,3.9199999999999364
hybrid,3,2023-10-30 18:00:00,2023,2.889756729831783,3.3057142857143327,low,False,1529276.0,79.338759700011,2.181999999999971
hybrid,3,2023-11-01 20:00:00,2023,2.3007542899884648,2.9407142857143236,low,False,1523237.8,79.338759700011,6.1159999999999854
hybrid,3,2023-11-03 22:00:00,2023,1.425351039053695,1.5535714285714448,low,False,1635174.2,79.338759700011,1.4480000000000017
hybrid,3,2023-11-08 02:00:00,2023,0.910355830190074,0.7592857142857058,low,False,1581692.2,79.338759700011,1.1940000000000055
hybrid,3,2023-11-10 04:00:00,2023,1.2796369939867298,1.1600000000000006,low,False,1577659.0,79.338759700011,1.5700000000000727
hybrid,3,2023-11-14 06:00:00,2023,1.1034316556653088,1.2935714285714215,low,False,1595084.6,79.338759700011,0.9019999999999981
hybrid,3,2023-11-16 08:00:00,2023,1.223892434191067,1.2078571428571325,low,False,2377557.9,79.338759700011,1.6740000000000237
hybrid,3,2023-11-20 10:00:00,2023,1.8775903585922529,1.8028571428571598,low,False,1602471.2,79.338759700011,2.0700000000000274
hybrid,3,2023-11-22 12:00:00,2023,1.8373540002161086,2.2464285714285745,low,False,1548930.5,79.338759700011,1.4580000000000837
hybrid,3,2023-11-24 16:30:00,2023,3.6950439491568505,2.022142857142837,low,False,1569614.7,79.338759700011,2.686000000000013
hybrid,3,2023-11-28 21:45:00,2023,1.742808883507394,2.05499999999995,low,False,1564317.6,79.338759700011,1.0999999999999546
hybrid,3,2023-11-30 23:45:00,2023,1.0776541277362268,1.32000000000005,low,False,1520145.1,79.338759700011,1.682000000000062
hybrid,3,2023-12-05 02:45:00,2023,2.072891710980665,2.5028571428571564,low,False,1558272.1,79.338759700011,2.8300000000000183
hybrid,3,2023-12-07 04:45:00,2023,1.6383392929143406,1.6850000000000105,low,False,1592821.6,79.338759700011,1.5840000000000145
hybrid,3,2023-12-11 06:45:00,2023,1.4594267792822069,1.894285714285713,low,False,1534404.2,79.338759700011,1.475999999999931
hybrid,3,2023-12-13 08:45:00,2023,1.5209956946234202,1.4699999999999949,low,False,1594012.1,79.338759700011,2.1900000000000546
hybrid,3,2023-12-15 10:45:00,2023,2.115742060826279,1.743571428571402,low,False,1556014.3,79.338759700011,2.6960000000000948
hybrid,3,2023-12-19 12:45:00,2023,1.805386756971316,1.6092857142857124,low,False,1569648.4,79.338759700011,1.4
hybrid,3,2023-12-21 14:45:00,2023,2.8665804759046236,1.7028571428571044,low,False,1587487.5,79.338759700011,5.689999999999964
hybrid,3,2023-12-26 16:45:00,2023,4.564112525254711,2.187857142857086,low,False,1806562.4,79.338759700011,2.2059999999998583
hybrid,3,2023-12-28 18:45:00,2023,2.8742243366778832,3.3164285714285273,low,False,1724276.5,79.338759700011,2.581999999999971
hybrid,4,2024-01-02 01:00:00,2024,1.4671618327232814,1.796428571428578,low,False,1624124.6,85.14480900001945,1.6179999999999382
hybrid,4,2024-01-04 03:00:00,2024,1.3612703152156014,1.2221428571428987,low,False,1663193.2,85.14480900001945,1.8779999999999746
hybrid,4,2024-01-08 05:00:00,2024,1.6543348843854786,1.644285714285713,low,False,1586576.6,85.14480900001945,2.7
hybrid,4,2024-01-10 07:00:00,2024,1.3500621865142441,1.6757142857142884,low,False,1583406.5,85.14480900001945,2.4139999999999873
hybrid,4,2024-01-12 09:00:00,2024,2.1253902873387447,1.4350000000000267,low,False,1620881.8,85.14480900001945,2.788000000000056
hybrid,4,2024-01-16 13:15:00,2024,2.321653818438123,2.681428571428569,low,False,1647780.6,85.14480900001945,2.933999999999969
hybrid,4,2024-01-18 15:15:00,2024,4.202911394995153,2.182142857142838,low,False,1505021.9,85.14480900001945,3.951999999999998
hybrid,4,2024-01-22 17:15:00,2024,3.7287983856548297,3.537142857142872,low,False,1525647.5,85.14480900001945,2.4700000000000726
hybrid,4,2024-01-24 19:15:00,2024,2.95121826340391,4.129285714285694,low,False,1588881.3,85.14480900001945,2.798000000000002
hybrid,4,2024-01-26 21:15:00,2024,1.561673277448295,1.6807142857143162,low,False,1598213.9,85.14480900001945,1.3239999999999328
hybrid,4,2024-01-30 23:15:00,2024,1.1087772023879903,1.3657142857142617,low,False,1574127.2,85.14480900001945,0.838000000000011
hybrid,4,2024-02-02 02:15:00,2024,1.1983377266471897,1.2728571428572195,low,False,1570565.6,85.14480900001945,1.6780000000000654
hybrid,4,2024-02-06 04:15:00,2024,1.3465595767703706,1.2471428571428598,low,False,1475663.3,85.14480900001945,1.3120000000000345
hybrid,4,2024-02-08 06:15:00,2024,1.1326297813065658,1.321428571428539,low,False,1564640.8,85.14480900001945,1.2260000000000217
hybrid,4,2024-02-12 08:15:00,2024,1.1250650648731213,0.8621428571428851,low,False,1598860.0,85.14480900001945,1.3459999999999126
hybrid,4,2024-02-14 10:15:00,2024,2.1796990445486206,1.5557142857142838,low,False,1535149.5,85.14480900001945,2.1039999999999965
hybrid,4,2024-02-16 12:15:00,2024,1.3396132836659342,1.3271428571428845,low,False,1555949.2,85.14480900001945,1.2960000000000036
hybrid,4,2024-02-20 16:45:00,2024,4.053168203296277,2.0649999999999573,low,False,1534190.4,85.14480900001945,2.659999999999991
hybrid,4,2024-02-22 18:45:00,2024,2.5741200069744545,2.9314285714286012,low,False,1637139.9,85.14480900001945,2.1100000000000363
hybrid,4,2024-02-26 20:45:00,2024,1.7055418320107167,1.9635714285714454,low,False,1521758.2,85.14480900001945,1.4800000000000182
hybrid,4,2024-02-28 22:45:00,2024,1.2119649550262386,1.2828571428571618,low,False,1564893.8,85.14480900001945,1.2420000000000073
hybrid,4,2024-03-04 01:45:00,2024,1.775429216581034,1.5828571428572624,low,False,1554688.1,85.14480900001945,1.5719999999999346
hybrid,4,2024-03-06 03:45:00,2024,1.4105517554757898,1.3521428571428455,low,False,1536996.8,85.14480900001945,1.5020000000001346
hybrid,4,2024-03-08 05:45:00,2024,1.4785525982127325,1.7899999999999636,low,False,1579432.8,85.14480900001945,1.5919999999999164
hybrid,4,2024-03-12 06:45:00,2024,1.24285008566606,1.5214285714285845,low,False,1577070.2,85.14480900001945,2.1579999999999018
hybrid,4,2024-03-14 08:45:00,2024,1.5251972146414756,1.328571428571422,low,False,1511661.7,85.14480900001945,1.2139999999998508
hybrid,4,2024-03-18 10:45:00,2024,2.2191985364177196,1.8164285714284947,low,False,1572411.0,85.14480900001945,1.8019999999999528
hybrid,4,2024-03-20 12:45:00,2024,1.490111545609714,1.6364285714285285,low,False,1635497.7,85.14480900001945,1.7359999999998763
hybrid,4,2024-03-22 14:45:00,2024,3.8782651673206665,2.4342857142856764,low,False,1581265.7,85.14480900001945,3.8159999999999856
hybrid,4,2024-03-26 16:45:00,2024,6.4169473551657035,4.617857142857117,low,False,1571246.6,85.14480900001945,4.1039999999999965
hybrid,4,2024-03-28 18:45:00,2024,3.7525090360730586,4.695000000000034,low,False,1540968.9,85.14480900001945,2.6100000000001273
hybrid,4,2024-04-02 21:45:00,2024,2.8585788326581296,3.985714285714331,low,False,1598264.2,85.14480900001945,3.0720000000000254
hybrid,4,2024-04-04 23:45:00,2024,2.8962144273880432,5.384285714285819,low,False,1613853.3,85.14480900001945,1.9339999999999236
hybrid,4,2024-04-09 02:45:00,2024,1.494183963898175,1.602142857142878,low,False,1600857.9,85.14480900001945,3.4159999999999853
hybrid,4,2024-04-11 04:45:00,2024,2.384085288682764,2.3978571428571223,low,False,1543564.6,85.14480900001945,2.7540000000000875
hybrid,4,2024-04-15 06:45:00,2024,3.1116150182868405,5.074285714285614,low,False,2779620.7,85.14480900001945,2.796000000000004
hybrid,4,2024-04-17 08:45:00,2024,2.6739864036117367,2.1278571428571076,low,False,1692882.4,85.14480900001945,3.520000000000073
hybrid,4,2024-04-19 10:45:00,2024,4.659884792237033,5.110000000000127,low,False,1570830.2,85.14480900001945,4.180000000000109
hybrid,4,2024-04-23 12:45:00,2024,4.02019713407841,4.612142857142901,low,False,1422834.5,85.14480900001945,3.7899999999999636
hybrid,4,2024-04-25 14:45:00,2024,3.977590542795329,2.464285714285747,low,False,1626845.1,85.14480900001945,6.947999999999956
hybrid,4,2024-04-29 16:45:00,2024,6.127589236038433,4.152857142857134,low,False,1447589.9,85.14480900001945,4.0080000000000835
hybrid,4,2024-05-01 18:45:00,2024,3.8918271297586293,4.822857142857109,low,False,1446993.0,85.14480900001945,3.3739999999999783
hybrid,4,2024-05-03 20:45:00,2024,3.4095077121257096,4.484999999999998,low,False,1647713.4,85.14480900001945,2.4220000000000255
hybrid,4,2024-05-07 22:45:00,2024,1.8907561214823014,2.3428571428571883,low,False,1499101.5,85.14480900001945,1.481999999999971
hybrid,4,2024-05-10 01:45:00,2024,1.82961255535776,2.3828571428571843,low,False,1591431.7,85.14480900001945,1.2840000000001055
hybrid,4,2024-05-14 03:45:00,2024,1.4301329092212367,1.3564285714284259,low,False,1595369.4,85.14480900001945,3.1159999999998944
hybrid,4,2024-05-16 05:45:00,2024,2.222753909902457,3.2314285714285234,low,False,1465529.4,85.14480900001945,2.147999999999956
hybrid,4,2024-05-20 07:45:00,2024,2.4633552109287167,3.9607142857143054,low,False,1540435.0,85.14480900001945,4.1599999999998545
hybrid,4,2024-05-22 09:45:00,2024,2.4259554937155112,2.9664285714285534,low,False,1620369.7,85.14480900001945,3.3279999999999745
hybrid,4,2024-05-24 11:45:00,2024,2.6314106386813787,2.8485714285714687,low,False,1797238.6,85.14480900001945,2.8040000000000873
hybrid,4,2024-05-28 16:15:00,2024,5.481115134635841,3.217142857142757,low,False,1542112.9,85.14480900001945,5.384000000000105
hybrid,4,2024-05-30 18:15:00,2024,3.652129855419073,4.530714285714274,low,False,1608085.7,85.14480900001945,3.093999999999869
hybrid,4,2024-06-03 20:15:00,2024,3.365992914314959,4.8350000000000035,low,False,1606028.5,85.14480900001945,2.645999999999913
hybrid,4,2024-06-05 22:15:00,2024,1.7733424245309417,2.2585714285714857,low,False,1498508.8,85.14480900001945,1.3660000000000765
hybrid,4,2024-06-10 01:15:00,2024,2.490090227585577,3.692857142857195,low,False,1670876.6,85.14480900001945,2.4039999999999964
hybrid,4,2024-06-12 03:15:00,2024,1.397948767439097,1.3607142857142662,low,False,1947766.1,85.14480900001945,2.0039999999999965
hybrid,4,2024-06-14 05:15:00,2024,1.4954055185824369,1.7114285714285091,low,False,1603198.4,85.14480900001945,2.1799999999999273
hybrid,4,2024-06-18 07:15:00,2024,1.4841016715315711,1.9771428571428455,low,False,1622424.1,85.14480900001945,2.375999999999931
hybrid,4,2024-06-20 11:45:00,2024,2.3943885328509693,2.7607142857143248,low,False,1601529.6,85.14480900001945,2.0339999999999234
hybrid,4,2024-06-24 13:45:00,2024,3.081466464292956,3.008571428571421,low,False,1516007.3,85.14480900001945,2.1260000000000217
hybrid,4,2024-06-26 15:45:00,2024,5.099633086952957,3.6035714285714158,low,False,1588699.0,85.14480900001945,6.5219999999999345
hybrid,4,2024-06-28 17:45:00,2024,4.08255671233294,4.148571428571423,low,False,1590662.5,85.14480900001945,2.9459999999998217
hybrid,5,2024-07-01 01:00:00,2024,1.5441220289766644,1.8085714285714727,low,False,1768373.3,95.60453169996617,1.2820000000000618
hybrid,5,2024-07-03 03:00:00,2024,1.2247314688413582,1.0850000000000688,low,False,1629588.0,95.60453169996617,1.499999999999909
hybrid,5,2024-07-05 07:15:00,2024,1.500027598738625,2.0514285714286222,low,False,1499649.6,95.60453169996617,1.4239999999999782
hybrid,5,2024-07-09 09:15:00,2024,1.9839080704814374,1.8557142857142221,low,False,1505201.7,95.60453169996617,2.34399999999996
hybrid,5,2024-07-11 11:15:00,2024,1.9608227537524088,2.32071428571427,low,False,1580986.9,95.60453169996617,2.2920000000000074
hybrid,5,2024-07-15 13:15:00,2024,2.756111636024273,2.284285714285683,low,False,1502665.9,95.60453169996617,3.094000000000051
hybrid,5,2024-07-17 15:15:00,2024,5.068943957356655,3.472142857142931,low,False,1624753.7,95.60453169996617,5.041999999999826
hybrid,5,2024-07-19 17:15:00,2024,4.70673266382258,4.817857142857195,low,False,1649578.6,95.60453169996617,5.345999999999822
hybrid,5,2024-07-23 19:15:00,2024,2.5375727742714753,3.2707142857143157,low,False,1542951.5,95.60453169996617,2.992000000000098
hybrid,5,2024-07-25 21:15:00,2024,3.18978185069287,4.450714285714314,low,False,1665700.2,95.60453169996617,2.857999999999902
hybrid,5,2024-07-29 23:15:00,2024,1.7567813676987944,2.7164285714285534,low,False,1640268.3,95.60453169996617,1.7099999999999453
hybrid,5,2024-08-01 02:15:00,2024,2.227373075479214,3.456428571428595,low,False,1607762.7,95.60453169996617,1.8260000000000218
hybrid,5,2024-08-05 04:15:00,2024,5.138868547245481,7.363571428571406,low,False,1454322.9,95.60453169996617,6.538000000000011
hybrid,5,2024-08-07 06:15:00,2024,2.569657793028555,4.117857142857149,low,False,1477614.2,95.60453169996617,2.9960000000000035
hybrid,5,2024-08-09 08:15:00,2024,2.2926338556798718,2.3285714285714545,low,False,1462088.0,95.60453169996617,3.0399999999999636
hybrid,5,2024-08-13 10:15:00,2024,2.9698234019449625,2.9035714285713703,low,False,1598597.4,95.60453169996617,2.563999999999942
hybrid,5,2024-08-15 12:15:00,2024,1.9489029323857123,2.2764285714286285,low,False,1573314.1,95.60453169996617,1.8
hybrid,5,2024-08-19 14:15:00,2024,4.686047159570325,3.0028571428572377,low,False,1623953.5,95.60453169996617,3.507999999999993
hybrid,5,2024-08-21 16:15:00,2024,5.4284527592805825,3.0371428571429533,low,False,1531182.2,95.60453169996617,8.578000000000065
hybrid,5,2024-08-23 18:15:00,2024,4.989700279871189,6.492857142857149,low,False,1490947.4,95.60453169996617,5.3
hybrid,5,2024-08-27 20:15:00,2024,2.641645937571762,3.458571428571434,low,False,1490908.1,95.60453169996617,2.7419999999999165
hybrid,5,2024-08-29 22:15:00,2024,2.085556331636602,2.833571428571434,low,False,1493682.6,95.60453169996617,1.4079999999999928
hybrid,5,2024-09-03 03:45:00,2024,1.3407045082830789,1.217142857142822,low,False,1479335.7,95.60453169996617,3.424000000000069
hybrid,5,2024-09-05 05:45:00,2024,1.490399355602884,1.7564285714286143,low,False,1540909.9,95.60453169996617,1.3739999999999781
hybrid,5,2024-09-09 07:45:00,2024,1.344250605389639,1.4957142857143222,low,False,1589817.1,95.60453169996617,3.3719999999998436
hybrid,5,2024-09-11 09:45:00,2024,2.17661305886949,2.028571428571435,low,False,1604527.3,95.60453169996617,3.2580000000000835
hybrid,5,2024-09-13 11:45:00,2024,2.933741616012732,3.2828571428570803,low,False,2113357.9,95.60453169996617,3.3400000000000545
hybrid,5,2024-09-17 13:45:00,2024,4.058918779469602,3.1164285714286115,low,False,1451506.3,95.60453169996617,3.05
hybrid,5,2024-09-19 15:45:00,2024,5.908351861411662,3.747142857142925,low,False,1462497.3,95.60453169996617,6.684000000000014
hybrid,5,2024-09-23 17:45:00,2024,4.449780148084233,4.230000000000018,low,False,1473278.9,95.60453169996617,3.185999999999967
hybrid,5,2024-09-25 19:45:00,2024,3.1730515370376007,4.40928571428578,low,False,1617706.1,95.60453169996617,3.0579999999999927
hybrid,5,2024-09-27 21:45:00,2024,2.886509239245377,4.090714285714349,low,False,1603716.7,95.60453169996617,2.155999999999949
hybrid,5,2024-10-01 23:45:00,2024,2.0608153742556117,3.4428571428571297,low,False,1511596.7,95.60453169996617,1.1919999999999162
hybrid,5,2024-10-04 02:45:00,2024,1.1415172285608464,1.1357142857142273,low,False,1566434.8,95.60453169996617,1.44399999999996
hybrid,5,2024-10-08 04:45:00,2024,2.7987801791699516,2.9714285714285325,low,False,1500538.9,95.60453169996617,5.276000000000022
hybrid,5,2024-10-10 06:45:00,2024,1.6633240716793531,2.405000000000005,low,False,1573972.8,95.60453169996617,1.5359999999999672
hybrid,5,2024-10-14 08:45:00,2024,2.006465244116959,2.2864285714286194,low,False,1569756.5,95.60453169996617,3.8719999999999346
hybrid,5,2024-10-16 10:45:00,2024,2.625158602509492,2.9600000000000364,low,False,1506691.9,95.60453169996617,2.3179999999999383
hybrid,5,2024-10-18 12:45:00,2024,2.2958014624088325,2.976428571428609,low,False,1501624.5,95.60453169996617,2.7380000000001017
hybrid,5,2024-10-22 14:45:00,2024,4.129160464423046,2.910000000000082,low,False,1566962.7,95.60453169996617,3.6059999999999492
hybrid,5,2024-10-24 16:45:00,2024,5.629949738344682,3.6228571428571286,low,False,1578028.3,95.60453169996617,5.770000000000164
hybrid,5,2024-10-28 17:45:00,2024,3.57167626195153,3.4414285714285597,low,False,1558840.6,95.60453169996617,2.288000000000011
hybrid,5,2024-10-30 19:45:00,2024,2.7237901791495647,3.6657142857143623,low,False,1455103.3,95.60453169996617,1.5780000000000656
hybrid,5,2024-11-01 21:45:00,2024,2.3156288681159856,3.061428571428548,low,False,1501057.6,95.60453169996617,3.2460000000000035
hybrid,5,2024-11-06 01:45:00,2024,1.4177585951960652,1.704285714285756,low,False,1513027.3,95.60453169996617,4.985999999999967
hybrid,5,2024-11-08 03:45:00,2024,2.218175934170692,2.833571428571401,low,False,1576746.2,95.60453169996617,3.4320000000001527
hybrid,5,2024-11-12 05:45:00,2024,2.089095413137225,2.9442857142856673,low,False,1505796.6,95.60453169996617,2.1919999999999162
hybrid,5,2024-11-14 07:45:00,2024,2.042944860945696,3.057857142857139,low,False,1573716.1,95.60453169996617,3.8460000000000036
hybrid,5,2024-11-18 09:45:00,2024,2.86496770127451,2.9078571428572104,low,False,1501838.1,95.60453169996617,3.4460000000000037
hybrid,5,2024-11-20 11:45:00,2024,2.4492904070667834,3.1242857142856986,low,False,1630002.5,95.60453169996617,2.6919999999999162
hybrid,5,2024-11-22 13:45:00,2024,4.666718757901623,4.800714285714354,low,False,1538014.7,95.60453169996617,4.394000000000051
hybrid,5,2024-11-26 15:45:00,2024,6.78854238481194,4.772142857142788,low,False,1481724.0,95.60453169996617,6.6460000000000035
hybrid,5,2024-11-28 17:45:00,2024,3.218818614872283,2.8307142857142935,low,False,1570887.1,95.60453169996617,2.2
hybrid,5,2024-12-03 01:30:00,2024,1.9472815575168823,2.6049999999999858,low,False,1500623.8,95.60453169996617,1.8960000000000037
hybrid,5,2024-12-05 03:30:00,2024,1.900417009788102,1.772857142857187,low,False,1532198.4,95.60453169996617,2.510000000000036
hybrid,5,2024-12-09 05:30:00,2024,3.108621800938965,5.007142857142786,low,False,1530964.5,95.60453169996617,3.4359999999998765
hybrid,5,2024-12-11 07:30:00,2024,3.0510606844506674,5.31285714285715,low,False,1508771.2,95.60453169996617,6.161999999999898
hybrid,5,2024-12-13 09:30:00,2024,3.092167236151656,2.996428571428591,low,False,1685192.5,95.60453169996617,3.6159999999998944
hybrid,5,2024-12-17 11:30:00,2024,3.1544005965410826,4.157142857142811,low,False,1747401.8,95.60453169996617,2.8220000000000254
hybrid,5,2024-12-19 13:30:00,2024,4.316701373678536,3.749285714285764,low,False,1571298.6,95.60453169996617,3.7139999999997597
hybrid,5,2024-12-23 15:30:00,2024,4.959577925379047,3.113571428571374,low,False,1644388.1,95.60453169996617,2.6340000000001056
hybrid,5,2024-12-26 20:45:00,2024,2.217473924416888,2.7778571428572314,low,False,1594603.7,95.60453169996617,1.7879999999999199
hybrid,5,2024-12-30 22:45:00,2024,1.7456881211270472,2.240000000000074,low,False,1541088.2,95.60453169996617,
